(INFORMAÇAO COMPLETA NO FINAL DO RELATORIO)
Model name:          AMD Ryzen 5 5600 6-Core Processor
CPU MHz:             3500.042
CPU(s):              12
Thread(s) per core:  2
Core(s) per socket:  6
Socket(s):           1
L1d cache:           32K
L1i cache:           32K
L2 cache:            512K
L3 cache:            32768K



Algoritmo antigo:

1024x1024:
felipe@cance:/mnt/e/Documentos (SSD)/Github/inf1029$ gcc -o create_matrix create_matrix.c
felipe@cance:/mnt/e/Documentos (SSD)/Github/inf1029$ ./create_matrix 1024 1024 floats_256_2.0f.dat
felipe@cance:/mnt/e/Documentos (SSD)/Github/inf1029$ ./create_matrix 1024 1024 floats_256_5.0f.dat
felipe@cance:/mnt/e/Documentos (SSD)/Github/inf1029$ gcc -o matrix_lib_test matrix_lib_test.c matrix_lib.c timer.c
felipe@cance:/mnt/e/Documentos (SSD)/Github/inf1029$ ./matrix_lib_test 5.0 1024 1024 1024 1024 "floats_256_2.0f.dat" "floats_256_5.0f.dat" "result1.dat" "result2.dat"
----------Matrix A - Primeiros 256 termos----------
1.000000 2.000000 3.000000 4.000000 5.000000 6.000000 7.000000 8.000000 9.000000 10.000000 11.000000 12.000000 13.000000 14.000000 15.000000 16.000000 17.000000 18.000000 19.000000 20.000000 21.000000 22.000000 23.000000 24.000000 25.000000 26.000000 27.000000 28.000000 29.000000 30.000000 31.000000 32.000000 33.000000 34.000000 35.000000 36.000000 37.000000 38.000000 39.000000 40.000000 41.000000 42.000000 43.000000 44.000000 45.000000 46.000000 47.000000 48.000000 49.000000 50.000000 51.000000 52.000000 53.000000 54.000000 55.000000 56.000000 57.000000 58.000000 59.000000 60.000000 61.000000 62.000000 63.000000 64.000000 65.000000 66.000000 67.000000 68.000000 69.000000 70.000000 71.000000 72.000000 73.000000 74.000000 75.000000 76.000000 77.000000 78.000000 79.000000 80.000000 81.000000 82.000000 83.000000 84.000000 85.000000 86.000000 87.000000 88.000000 89.000000 90.000000 91.000000 92.000000 93.000000 94.000000 95.000000 96.000000 97.000000 98.000000 99.000000 100.000000 101.000000 102.000000 103.000000 104.000000 105.000000 106.000000 107.000000 108.000000 109.000000 110.000000 111.000000 112.000000 113.000000 114.000000 115.000000 116.000000 117.000000 118.000000 119.000000 120.000000 121.000000 122.000000 123.000000 124.000000 125.000000 126.000000 127.000000 128.000000 129.000000 130.000000 131.000000 132.000000 133.000000 134.000000 135.000000 136.000000 137.000000 138.000000 139.000000 140.000000 141.000000 142.000000 143.000000 144.000000 145.000000 146.000000 147.000000 148.000000 149.000000 150.000000 151.000000 152.000000 153.000000 154.000000 155.000000 156.000000 157.000000 158.000000 159.000000 160.000000 161.000000 162.000000 163.000000 164.000000 165.000000 166.000000 167.000000 168.000000 169.000000 170.000000 171.000000 172.000000 173.000000 174.000000 175.000000 176.000000 177.000000 178.000000 179.000000 180.000000 181.000000 182.000000 183.000000 184.000000 185.000000 186.000000 187.000000 188.000000 189.000000 190.000000 191.000000 192.000000 193.000000 194.000000 195.000000 196.000000 197.000000 198.000000 199.000000 200.000000 201.000000 202.000000 203.000000 204.000000 205.000000 206.000000 207.000000 208.000000 209.000000 210.000000 211.000000 212.000000 213.000000 214.000000 215.000000 216.000000 217.000000 218.000000 219.000000 220.000000 221.000000 222.000000 223.000000 224.000000 225.000000 226.000000 227.000000 228.000000 229.000000 230.000000 231.000000 232.000000 233.000000 234.000000 235.000000 236.000000 237.000000 238.000000 239.000000 240.000000 241.000000 242.000000 243.000000 244.000000 245.000000 246.000000 247.000000 248.000000 249.000000 250.000000 251.000000 252.000000 253.000000 254.000000 255.000000 256.000000
--------------------------------------------------
----------Matrix B - Primeiros 256 termos----------
1.000000 2.000000 3.000000 4.000000 5.000000 6.000000 7.000000 8.000000 9.000000 10.000000 11.000000 12.000000 13.000000 14.000000 15.000000 16.000000 17.000000 18.000000 19.000000 20.000000 21.000000 22.000000 23.000000 24.000000 25.000000 26.000000 27.000000 28.000000 29.000000 30.000000 31.000000 32.000000 33.000000 34.000000 35.000000 36.000000 37.000000 38.000000 39.000000 40.000000 41.000000 42.000000 43.000000 44.000000 45.000000 46.000000 47.000000 48.000000 49.000000 50.000000 51.000000 52.000000 53.000000 54.000000 55.000000 56.000000 57.000000 58.000000 59.000000 60.000000 61.000000 62.000000 63.000000 64.000000 65.000000 66.000000 67.000000 68.000000 69.000000 70.000000 71.000000 72.000000 73.000000 74.000000 75.000000 76.000000 77.000000 78.000000 79.000000 80.000000 81.000000 82.000000 83.000000 84.000000 85.000000 86.000000 87.000000 88.000000 89.000000 90.000000 91.000000 92.000000 93.000000 94.000000 95.000000 96.000000 97.000000 98.000000 99.000000 100.000000 101.000000 102.000000 103.000000 104.000000 105.000000 106.000000 107.000000 108.000000 109.000000 110.000000 111.000000 112.000000 113.000000 114.000000 115.000000 116.000000 117.000000 118.000000 119.000000 120.000000 121.000000 122.000000 123.000000 124.000000 125.000000 126.000000 127.000000 128.000000 129.000000 130.000000 131.000000 132.000000 133.000000 134.000000 135.000000 136.000000 137.000000 138.000000 139.000000 140.000000 141.000000 142.000000 143.000000 144.000000 145.000000 146.000000 147.000000 148.000000 149.000000 150.000000 151.000000 152.000000 153.000000 154.000000 155.000000 156.000000 157.000000 158.000000 159.000000 160.000000 161.000000 162.000000 163.000000 164.000000 165.000000 166.000000 167.000000 168.000000 169.000000 170.000000 171.000000 172.000000 173.000000 174.000000 175.000000 176.000000 177.000000 178.000000 179.000000 180.000000 181.000000 182.000000 183.000000 184.000000 185.000000 186.000000 187.000000 188.000000 189.000000 190.000000 191.000000 192.000000 193.000000 194.000000 195.000000 196.000000 197.000000 198.000000 199.000000 200.000000 201.000000 202.000000 203.000000 204.000000 205.000000 206.000000 207.000000 208.000000 209.000000 210.000000 211.000000 212.000000 213.000000 214.000000 215.000000 216.000000 217.000000 218.000000 219.000000 220.000000 221.000000 222.000000 223.000000 224.000000 225.000000 226.000000 227.000000 228.000000 229.000000 230.000000 231.000000 232.000000 233.000000 234.000000 235.000000 236.000000 237.000000 238.000000 239.000000 240.000000 241.000000 242.000000 243.000000 244.000000 245.000000 246.000000 247.000000 248.000000 249.000000 250.000000 251.000000 252.000000 253.000000 254.000000 255.000000 256.000000
---------------------------------------------------
----------Matrix C - Primeiros 256 termos----------
0.000000 0.000000 0.000000 0.000000 0.000000 0.000000 0.000000 0.000000 0.000000 0.000000 0.000000 0.000000 0.000000 0.000000 0.000000 0.000000 0.000000 0.000000 0.000000 0.000000 0.000000 0.000000 0.000000 0.000000 0.000000 0.000000 0.000000 0.000000 0.000000 0.000000 0.000000 0.000000 0.000000 0.000000 0.000000 0.000000 0.000000 0.000000 0.000000 0.000000 0.000000 0.000000 0.000000 0.000000 0.000000 0.000000 0.000000 0.000000 0.000000 0.000000 0.000000 0.000000 0.000000 0.000000 0.000000 0.000000 0.000000 0.000000 0.000000 0.000000 0.000000 0.000000 0.000000 0.000000 0.000000 0.000000 0.000000 0.000000 0.000000 0.000000 0.000000 0.000000 0.000000 0.000000 0.000000 0.000000 0.000000 0.000000 0.000000 0.000000 0.000000 0.000000 0.000000 0.000000 0.000000 0.000000 0.000000 0.000000 0.000000 0.000000 0.000000 0.000000 0.000000 0.000000 0.000000 0.000000 0.000000 0.000000 0.000000 0.000000 0.000000 0.000000 0.000000 0.000000 0.000000 0.000000 0.000000 0.000000 0.000000 0.000000 0.000000 0.000000 0.000000 0.000000 0.000000 0.000000 0.000000 0.000000 0.000000 0.000000 0.000000 0.000000 0.000000 0.000000 0.000000 0.000000 0.000000 0.000000 0.000000 0.000000 0.000000 0.000000 0.000000 0.000000 0.000000 0.000000 0.000000 0.000000 0.000000 0.000000 0.000000 0.000000 0.000000 0.000000 0.000000 0.000000 0.000000 0.000000 0.000000 0.000000 0.000000 0.000000 0.000000 0.000000 0.000000 0.000000 0.000000 0.000000 0.000000 0.000000 0.000000 0.000000 0.000000 0.000000 0.000000 0.000000 0.000000 0.000000 0.000000 0.000000 0.000000 0.000000 0.000000 0.000000 0.000000 0.000000 0.000000 0.000000 0.000000 0.000000 0.000000 0.000000 0.000000 0.000000 0.000000 0.000000 0.000000 0.000000 0.000000 0.000000 0.000000 0.000000 0.000000 0.000000 0.000000 0.000000 0.000000 0.000000 0.000000 0.000000 0.000000 0.000000 0.000000 0.000000 0.000000 0.000000 0.000000 0.000000 0.000000 0.000000 0.000000 0.000000 0.000000 0.000000 0.000000 0.000000 0.000000 0.000000 0.000000 0.000000 0.000000 0.000000 0.000000 0.000000 0.000000 0.000000 0.000000 0.000000 0.000000 0.000000 0.000000 0.000000 0.000000 0.000000 0.000000 0.000000 0.000000 0.000000 0.000000 0.000000 0.000000 0.000000 0.000000 0.000000 0.000000 0.000000 0.000000 0.000000 0.000000 0.000000 0.000000 0.000000 0.000000 0.000000 0.000000 0.000000
---------------------------------------------------

scalar_matrix_mult: 1.395000 ms
matrix_matrix_mult: 3598.194092 ms
Overall time: 3634.371094 ms



2048x2048:
felipe@cance:/mnt/e/Documentos (SSD)/Github/inf1029$ ./create_matrix 2048 2048 floats_256_2.0f.dat
felipe@cance:/mnt/e/Documentos (SSD)/Github/inf1029$ ./create_matrix 2048 2048 floats_256_5.0f.dat
felipe@cance:/mnt/e/Documentos (SSD)/Github/inf1029$ ./matrix_lib_test 5.0 2048 2048 2048 2048 "floats_256_2.0f.dat" "floats_256_5.0f.dat" "result1.dat" "result2.dat"
----------Matrix A - Primeiros 256 termos----------
1.000000 2.000000 3.000000 4.000000 5.000000 6.000000 7.000000 8.000000 9.000000 10.000000 11.000000 12.000000 13.000000 14.000000 15.000000 16.000000 17.000000 18.000000 19.000000 20.000000 21.000000 22.000000 23.000000 24.000000 25.000000 26.000000 27.000000 28.000000 29.000000 30.000000 31.000000 32.000000 33.000000 34.000000 35.000000 36.000000 37.000000 38.000000 39.000000 40.000000 41.000000 42.000000 43.000000 44.000000 45.000000 46.000000 47.000000 48.000000 49.000000 50.000000 51.000000 52.000000 53.000000 54.000000 55.000000 56.000000 57.000000 58.000000 59.000000 60.000000 61.000000 62.000000 63.000000 64.000000 65.000000 66.000000 67.000000 68.000000 69.000000 70.000000 71.000000 72.000000 73.000000 74.000000 75.000000 76.000000 77.000000 78.000000 79.000000 80.000000 81.000000 82.000000 83.000000 84.000000 85.000000 86.000000 87.000000 88.000000 89.000000 90.000000 91.000000 92.000000 93.000000 94.000000 95.000000 96.000000 97.000000 98.000000 99.000000 100.000000 101.000000 102.000000 103.000000 104.000000 105.000000 106.000000 107.000000 108.000000 109.000000 110.000000 111.000000 112.000000 113.000000 114.000000 115.000000 116.000000 117.000000 118.000000 119.000000 120.000000 121.000000 122.000000 123.000000 124.000000 125.000000 126.000000 127.000000 128.000000 129.000000 130.000000 131.000000 132.000000 133.000000 134.000000 135.000000 136.000000 137.000000 138.000000 139.000000 140.000000 141.000000 142.000000 143.000000 144.000000 145.000000 146.000000 147.000000 148.000000 149.000000 150.000000 151.000000 152.000000 153.000000 154.000000 155.000000 156.000000 157.000000 158.000000 159.000000 160.000000 161.000000 162.000000 163.000000 164.000000 165.000000 166.000000 167.000000 168.000000 169.000000 170.000000 171.000000 172.000000 173.000000 174.000000 175.000000 176.000000 177.000000 178.000000 179.000000 180.000000 181.000000 182.000000 183.000000 184.000000 185.000000 186.000000 187.000000 188.000000 189.000000 190.000000 191.000000 192.000000 193.000000 194.000000 195.000000 196.000000 197.000000 198.000000 199.000000 200.000000 201.000000 202.000000 203.000000 204.000000 205.000000 206.000000 207.000000 208.000000 209.000000 210.000000 211.000000 212.000000 213.000000 214.000000 215.000000 216.000000 217.000000 218.000000 219.000000 220.000000 221.000000 222.000000 223.000000 224.000000 225.000000 226.000000 227.000000 228.000000 229.000000 230.000000 231.000000 232.000000 233.000000 234.000000 235.000000 236.000000 237.000000 238.000000 239.000000 240.000000 241.000000 242.000000 243.000000 244.000000 245.000000 246.000000 247.000000 248.000000 249.000000 250.000000 251.000000 252.000000 253.000000 254.000000 255.000000 256.000000
--------------------------------------------------
----------Matrix B - Primeiros 256 termos----------
1.000000 2.000000 3.000000 4.000000 5.000000 6.000000 7.000000 8.000000 9.000000 10.000000 11.000000 12.000000 13.000000 14.000000 15.000000 16.000000 17.000000 18.000000 19.000000 20.000000 21.000000 22.000000 23.000000 24.000000 25.000000 26.000000 27.000000 28.000000 29.000000 30.000000 31.000000 32.000000 33.000000 34.000000 35.000000 36.000000 37.000000 38.000000 39.000000 40.000000 41.000000 42.000000 43.000000 44.000000 45.000000 46.000000 47.000000 48.000000 49.000000 50.000000 51.000000 52.000000 53.000000 54.000000 55.000000 56.000000 57.000000 58.000000 59.000000 60.000000 61.000000 62.000000 63.000000 64.000000 65.000000 66.000000 67.000000 68.000000 69.000000 70.000000 71.000000 72.000000 73.000000 74.000000 75.000000 76.000000 77.000000 78.000000 79.000000 80.000000 81.000000 82.000000 83.000000 84.000000 85.000000 86.000000 87.000000 88.000000 89.000000 90.000000 91.000000 92.000000 93.000000 94.000000 95.000000 96.000000 97.000000 98.000000 99.000000 100.000000 101.000000 102.000000 103.000000 104.000000 105.000000 106.000000 107.000000 108.000000 109.000000 110.000000 111.000000 112.000000 113.000000 114.000000 115.000000 116.000000 117.000000 118.000000 119.000000 120.000000 121.000000 122.000000 123.000000 124.000000 125.000000 126.000000 127.000000 128.000000 129.000000 130.000000 131.000000 132.000000 133.000000 134.000000 135.000000 136.000000 137.000000 138.000000 139.000000 140.000000 141.000000 142.000000 143.000000 144.000000 145.000000 146.000000 147.000000 148.000000 149.000000 150.000000 151.000000 152.000000 153.000000 154.000000 155.000000 156.000000 157.000000 158.000000 159.000000 160.000000 161.000000 162.000000 163.000000 164.000000 165.000000 166.000000 167.000000 168.000000 169.000000 170.000000 171.000000 172.000000 173.000000 174.000000 175.000000 176.000000 177.000000 178.000000 179.000000 180.000000 181.000000 182.000000 183.000000 184.000000 185.000000 186.000000 187.000000 188.000000 189.000000 190.000000 191.000000 192.000000 193.000000 194.000000 195.000000 196.000000 197.000000 198.000000 199.000000 200.000000 201.000000 202.000000 203.000000 204.000000 205.000000 206.000000 207.000000 208.000000 209.000000 210.000000 211.000000 212.000000 213.000000 214.000000 215.000000 216.000000 217.000000 218.000000 219.000000 220.000000 221.000000 222.000000 223.000000 224.000000 225.000000 226.000000 227.000000 228.000000 229.000000 230.000000 231.000000 232.000000 233.000000 234.000000 235.000000 236.000000 237.000000 238.000000 239.000000 240.000000 241.000000 242.000000 243.000000 244.000000 245.000000 246.000000 247.000000 248.000000 249.000000 250.000000 251.000000 252.000000 253.000000 254.000000 255.000000 256.000000
---------------------------------------------------
----------Matrix C - Primeiros 256 termos----------
0.000000 0.000000 0.000000 0.000000 0.000000 0.000000 0.000000 0.000000 0.000000 0.000000 0.000000 0.000000 0.000000 0.000000 0.000000 0.000000 0.000000 0.000000 0.000000 0.000000 0.000000 0.000000 0.000000 0.000000 0.000000 0.000000 0.000000 0.000000 0.000000 0.000000 0.000000 0.000000 0.000000 0.000000 0.000000 0.000000 0.000000 0.000000 0.000000 0.000000 0.000000 0.000000 0.000000 0.000000 0.000000 0.000000 0.000000 0.000000 0.000000 0.000000 0.000000 0.000000 0.000000 0.000000 0.000000 0.000000 0.000000 0.000000 0.000000 0.000000 0.000000 0.000000 0.000000 0.000000 0.000000 0.000000 0.000000 0.000000 0.000000 0.000000 0.000000 0.000000 0.000000 0.000000 0.000000 0.000000 0.000000 0.000000 0.000000 0.000000 0.000000 0.000000 0.000000 0.000000 0.000000 0.000000 0.000000 0.000000 0.000000 0.000000 0.000000 0.000000 0.000000 0.000000 0.000000 0.000000 0.000000 0.000000 0.000000 0.000000 0.000000 0.000000 0.000000 0.000000 0.000000 0.000000 0.000000 0.000000 0.000000 0.000000 0.000000 0.000000 0.000000 0.000000 0.000000 0.000000 0.000000 0.000000 0.000000 0.000000 0.000000 0.000000 0.000000 0.000000 0.000000 0.000000 0.000000 0.000000 0.000000 0.000000 0.000000 0.000000 0.000000 0.000000 0.000000 0.000000 0.000000 0.000000 0.000000 0.000000 0.000000 0.000000 0.000000 0.000000 0.000000 0.000000 0.000000 0.000000 0.000000 0.000000 0.000000 0.000000 0.000000 0.000000 0.000000 0.000000 0.000000 0.000000 0.000000 0.000000 0.000000 0.000000 0.000000 0.000000 0.000000 0.000000 0.000000 0.000000 0.000000 0.000000 0.000000 0.000000 0.000000 0.000000 0.000000 0.000000 0.000000 0.000000 0.000000 0.000000 0.000000 0.000000 0.000000 0.000000 0.000000 0.000000 0.000000 0.000000 0.000000 0.000000 0.000000 0.000000 0.000000 0.000000 0.000000 0.000000 0.000000 0.000000 0.000000 0.000000 0.000000 0.000000 0.000000 0.000000 0.000000 0.000000 0.000000 0.000000 0.000000 0.000000 0.000000 0.000000 0.000000 0.000000 0.000000 0.000000 0.000000 0.000000 0.000000 0.000000 0.000000 0.000000 0.000000 0.000000 0.000000 0.000000 0.000000 0.000000 0.000000 0.000000 0.000000 0.000000 0.000000 0.000000 0.000000 0.000000 0.000000 0.000000 0.000000 0.000000 0.000000 0.000000 0.000000 0.000000 0.000000 0.000000 0.000000 0.000000 0.000000 0.000000 0.000000 0.000000 0.000000 0.000000 0.000000 0.000000
---------------------------------------------------


scalar_matrix_mult: 5.596000 ms
matrix_matrix_mult: 34200.613281 ms
Overall time: 34315.285156 ms

















Algoritmo otimizado:

1024x1024:
felipe@cance:/mnt/e/Documentos (SSD)/Github/inf1029$ gcc -o create_matrix create_matrix.c
felipe@cance:/mnt/e/Documentos (SSD)/Github/inf1029$ ./create_matrix 1024 1024 floats_256_2.0f.dat
felipe@cance:/mnt/e/Documentos (SSD)/Github/inf1029$ ./create_matrix 1024 1024 floats_256_5.0f.dat
felipe@cance:/mnt/e/Documentos (SSD)/Github/inf1029$ gcc -o matrix_lib_test matrix_lib_test.c matrix_lib.c timer.c
felipe@cance:/mnt/e/Documentos (SSD)/Github/inf1029$ ./matrix_lib_test 5.0 1024 1024 1024 1024 "floats_256_2.0f.dat" "floats_256_5.0f.dat" "result1.dat" "result2.dat"
----------Matrix A - Primeiros 256 termos----------
1.000000 2.000000 3.000000 4.000000 5.000000 6.000000 7.000000 8.000000 9.000000 10.000000 11.000000 12.000000 13.000000 14.000000 15.000000 16.000000 17.000000 18.000000 19.000000 20.000000 21.000000 22.000000 23.000000 24.000000 25.000000 26.000000 27.000000 28.000000 29.000000 30.000000 31.000000 32.000000 33.000000 34.000000 35.000000 36.000000 37.000000 38.000000 39.000000 40.000000 41.000000 42.000000 43.000000 44.000000 45.000000 46.000000 47.000000 48.000000 49.000000 50.000000 51.000000 52.000000 53.000000 54.000000 55.000000 56.000000 57.000000 58.000000 59.000000 60.000000 61.000000 62.000000 63.000000 64.000000 65.000000 66.000000 67.000000 68.000000 69.000000 70.000000 71.000000 72.000000 73.000000 74.000000 75.000000 76.000000 77.000000 78.000000 79.000000 80.000000 81.000000 82.000000 83.000000 84.000000 85.000000 86.000000 87.000000 88.000000 89.000000 90.000000 91.000000 92.000000 93.000000 94.000000 95.000000 96.000000 97.000000 98.000000 99.000000 100.000000 101.000000 102.000000 103.000000 104.000000 105.000000 106.000000 107.000000 108.000000 109.000000 110.000000 111.000000 112.000000 113.000000 114.000000 115.000000 116.000000 117.000000 118.000000 119.000000 120.000000 121.000000 122.000000 123.000000 124.000000 125.000000 126.000000 127.000000 128.000000 129.000000 130.000000 131.000000 132.000000 133.000000 134.000000 135.000000 136.000000 137.000000 138.000000 139.000000 140.000000 141.000000 142.000000 143.000000 144.000000 145.000000 146.000000 147.000000 148.000000 149.000000 150.000000 151.000000 152.000000 153.000000 154.000000 155.000000 156.000000 157.000000 158.000000 159.000000 160.000000 161.000000 162.000000 163.000000 164.000000 165.000000 166.000000 167.000000 168.000000 169.000000 170.000000 171.000000 172.000000 173.000000 174.000000 175.000000 176.000000 177.000000 178.000000 179.000000 180.000000 181.000000 182.000000 183.000000 184.000000 185.000000 186.000000 187.000000 188.000000 189.000000 190.000000 191.000000 192.000000 193.000000 194.000000 195.000000 196.000000 197.000000 198.000000 199.000000 200.000000 201.000000 202.000000 203.000000 204.000000 205.000000 206.000000 207.000000 208.000000 209.000000 210.000000 211.000000 212.000000 213.000000 214.000000 215.000000 216.000000 217.000000 218.000000 219.000000 220.000000 221.000000 222.000000 223.000000 224.000000 225.000000 226.000000 227.000000 228.000000 229.000000 230.000000 231.000000 232.000000 233.000000 234.000000 235.000000 236.000000 237.000000 238.000000 239.000000 240.000000 241.000000 242.000000 243.000000 244.000000 245.000000 246.000000 247.000000 248.000000 249.000000 250.000000 251.000000 252.000000 253.000000 254.000000 255.000000 256.000000
---------------------------------------------------
----------Matrix B - Primeiros 256 termos----------
1.000000 2.000000 3.000000 4.000000 5.000000 6.000000 7.000000 8.000000 9.000000 10.000000 11.000000 12.000000 13.000000 14.000000 15.000000 16.000000 17.000000 18.000000 19.000000 20.000000 21.000000 22.000000 23.000000 24.000000 25.000000 26.000000 27.000000 28.000000 29.000000 30.000000 31.000000 32.000000 33.000000 34.000000 35.000000 36.000000 37.000000 38.000000 39.000000 40.000000 41.000000 42.000000 43.000000 44.000000 45.000000 46.000000 47.000000 48.000000 49.000000 50.000000 51.000000 52.000000 53.000000 54.000000 55.000000 56.000000 57.000000 58.000000 59.000000 60.000000 61.000000 62.000000 63.000000 64.000000 65.000000 66.000000 67.000000 68.000000 69.000000 70.000000 71.000000 72.000000 73.000000 74.000000 75.000000 76.000000 77.000000 78.000000 79.000000 80.000000 81.000000 82.000000 83.000000 84.000000 85.000000 86.000000 87.000000 88.000000 89.000000 90.000000 91.000000 92.000000 93.000000 94.000000 95.000000 96.000000 97.000000 98.000000 99.000000 100.000000 101.000000 102.000000 103.000000 104.000000 105.000000 106.000000 107.000000 108.000000 109.000000 110.000000 111.000000 112.000000 113.000000 114.000000 115.000000 116.000000 117.000000 118.000000 119.000000 120.000000 121.000000 122.000000 123.000000 124.000000 125.000000 126.000000 127.000000 128.000000 129.000000 130.000000 131.000000 132.000000 133.000000 134.000000 135.000000 136.000000 137.000000 138.000000 139.000000 140.000000 141.000000 142.000000 143.000000 144.000000 145.000000 146.000000 147.000000 148.000000 149.000000 150.000000 151.000000 152.000000 153.000000 154.000000 155.000000 156.000000 157.000000 158.000000 159.000000 160.000000 161.000000 162.000000 163.000000 164.000000 165.000000 166.000000 167.000000 168.000000 169.000000 170.000000 171.000000 172.000000 173.000000 174.000000 175.000000 176.000000 177.000000 178.000000 179.000000 180.000000 181.000000 182.000000 183.000000 184.000000 185.000000 186.000000 187.000000 188.000000 189.000000 190.000000 191.000000 192.000000 193.000000 194.000000 195.000000 196.000000 197.000000 198.000000 199.000000 200.000000 201.000000 202.000000 203.000000 204.000000 205.000000 206.000000 207.000000 208.000000 209.000000 210.000000 211.000000 212.000000 213.000000 214.000000 215.000000 216.000000 217.000000 218.000000 219.000000 220.000000 221.000000 222.000000 223.000000 224.000000 225.000000 226.000000 227.000000 228.000000 229.000000 230.000000 231.000000 232.000000 233.000000 234.000000 235.000000 236.000000 237.000000 238.000000 239.000000 240.000000 241.000000 242.000000 243.000000 244.000000 245.000000 246.000000 247.000000 248.000000 249.000000 250.000000 251.000000 252.000000 253.000000 254.000000 255.000000 256.000000
---------------------------------------------------
----------Matrix C - Primeiros 256 termos----------
0.000000 0.000000 0.000000 0.000000 0.000000 0.000000 0.000000 0.000000 0.000000 0.000000 0.000000 0.000000 0.000000 0.000000 0.000000 0.000000 0.000000 0.000000 0.000000 0.000000 0.000000 0.000000 0.000000 0.000000 0.000000 0.000000 0.000000 0.000000 0.000000 0.000000 0.000000 0.000000 0.000000 0.000000 0.000000 0.000000 0.000000 0.000000 0.000000 0.000000 0.000000 0.000000 0.000000 0.000000 0.000000 0.000000 0.000000 0.000000 0.000000 0.000000 0.000000 0.000000 0.000000 0.000000 0.000000 0.000000 0.000000 0.000000 0.000000 0.000000 0.000000 0.000000 0.000000 0.000000 0.000000 0.000000 0.000000 0.000000 0.000000 0.000000 0.000000 0.000000 0.000000 0.000000 0.000000 0.000000 0.000000 0.000000 0.000000 0.000000 0.000000 0.000000 0.000000 0.000000 0.000000 0.000000 0.000000 0.000000 0.000000 0.000000 0.000000 0.000000 0.000000 0.000000 0.000000 0.000000 0.000000 0.000000 0.000000 0.000000 0.000000 0.000000 0.000000 0.000000 0.000000 0.000000 0.000000 0.000000 0.000000 0.000000 0.000000 0.000000 0.000000 0.000000 0.000000 0.000000 0.000000 0.000000 0.000000 0.000000 0.000000 0.000000 0.000000 0.000000 0.000000 0.000000 0.000000 0.000000 0.000000 0.000000 0.000000 0.000000 0.000000 0.000000 0.000000 0.000000 0.000000 0.000000 0.000000 0.000000 0.000000 0.000000 0.000000 0.000000 0.000000 0.000000 0.000000 0.000000 0.000000 0.000000 0.000000 0.000000 0.000000 0.000000 0.000000 0.000000 0.000000 0.000000 0.000000 0.000000 0.000000 0.000000 0.000000 0.000000 0.000000 0.000000 0.000000 0.000000 0.000000 0.000000 0.000000 0.000000 0.000000 0.000000 0.000000 0.000000 0.000000 0.000000 0.000000 0.000000 0.000000 0.000000 0.000000 0.000000 0.000000 0.000000 0.000000 0.000000 0.000000 0.000000 0.000000 0.000000 0.000000 0.000000 0.000000 0.000000 0.000000 0.000000 0.000000 0.000000 0.000000 0.000000 0.000000 0.000000 0.000000 0.000000 0.000000 0.000000 0.000000 0.000000 0.000000 0.000000 0.000000 0.000000 0.000000 0.000000 0.000000 0.000000 0.000000 0.000000 0.000000 0.000000 0.000000 0.000000 0.000000 0.000000 0.000000 0.000000 0.000000 0.000000 0.000000 0.000000 0.000000 0.000000 0.000000 0.000000 0.000000 0.000000 0.000000 0.000000 0.000000 0.000000 0.000000 0.000000 0.000000 0.000000 0.000000 0.000000 0.000000 0.000000 0.000000 0.000000 0.000000 0.000000 0.000000 0.000000
---------------------------------------------------


----------Matrix A - Primeiros 256 termos----------
5.000000 10.000000 15.000000 20.000000 25.000000 30.000000 35.000000 40.000000 45.000000 50.000000 55.000000 60.000000 65.000000 70.000000 75.000000 80.000000 85.000000 90.000000 95.000000 100.000000 105.000000 110.000000 115.000000 120.000000 125.000000 130.000000 135.000000 140.000000 145.000000 150.000000 155.000000 160.000000 165.000000 170.000000 175.000000 180.000000 185.000000 190.000000 195.000000 200.000000 205.000000 210.000000 215.000000 220.000000 225.000000 230.000000 235.000000 240.000000 245.000000 250.000000 255.000000 260.000000 265.000000 270.000000 275.000000 280.000000 285.000000 290.000000 295.000000 300.000000 305.000000 310.000000 315.000000 320.000000 325.000000 330.000000 335.000000 340.000000 345.000000 350.000000 355.000000 360.000000 365.000000 370.000000 375.000000 380.000000 385.000000 390.000000 395.000000 400.000000 405.000000 410.000000 415.000000 420.000000 425.000000 430.000000 435.000000 440.000000 445.000000 450.000000 455.000000 460.000000 465.000000 470.000000 475.000000 480.000000 485.000000 490.000000 495.000000 500.000000 505.000000 510.000000 515.000000 520.000000 525.000000 530.000000 535.000000 540.000000 545.000000 550.000000 555.000000 560.000000 565.000000 570.000000 575.000000 580.000000 585.000000 590.000000 595.000000 600.000000 605.000000 610.000000 615.000000 620.000000 625.000000 630.000000 635.000000 640.000000 645.000000 650.000000 655.000000 660.000000 665.000000 670.000000 675.000000 680.000000 685.000000 690.000000 695.000000 700.000000 705.000000 710.000000 715.000000 720.000000 725.000000 730.000000 735.000000 740.000000 745.000000 750.000000 755.000000 760.000000 765.000000 770.000000 775.000000 780.000000 785.000000 790.000000 795.000000 800.000000 805.000000 810.000000 815.000000 820.000000 825.000000 830.000000 835.000000 840.000000 845.000000 850.000000 855.000000 860.000000 865.000000 870.000000 875.000000 880.000000 885.000000 890.000000 895.000000 900.000000 905.000000 910.000000 915.000000 920.000000 925.000000 930.000000 935.000000 940.000000 945.000000 950.000000 955.000000 960.000000 965.000000 970.000000 975.000000 980.000000 985.000000 990.000000 995.000000 1000.000000 1005.000000 1010.000000 1015.000000 1020.000000 1025.000000 1030.000000 1035.000000 1040.000000 1045.000000 1050.000000 1055.000000 1060.000000 1065.000000 1070.000000 1075.000000 1080.000000 1085.000000 1090.000000 1095.000000 1100.000000 1105.000000 1110.000000 1115.000000 1120.000000 1125.000000 1130.000000 1135.000000 1140.000000 1145.000000 1150.000000 1155.000000 1160.000000 1165.000000 1170.000000 1175.000000 1180.000000 1185.000000 1190.000000 1195.000000 1200.000000 1205.000000 1210.000000 1215.000000 1220.000000 1225.000000 1230.000000 1235.000000 1240.000000 1245.000000 1250.000000 1255.000000 1260.000000 1265.000000 1270.000000 1275.000000 1280.000000
---------------------------------------------------
----------Matrix B - Primeiros 256 termos----------
1.000000 2.000000 3.000000 4.000000 5.000000 6.000000 7.000000 8.000000 9.000000 10.000000 11.000000 12.000000 13.000000 14.000000 15.000000 16.000000 17.000000 18.000000 19.000000 20.000000 21.000000 22.000000 23.000000 24.000000 25.000000 26.000000 27.000000 28.000000 29.000000 30.000000 31.000000 32.000000 33.000000 34.000000 35.000000 36.000000 37.000000 38.000000 39.000000 40.000000 41.000000 42.000000 43.000000 44.000000 45.000000 46.000000 47.000000 48.000000 49.000000 50.000000 51.000000 52.000000 53.000000 54.000000 55.000000 56.000000 57.000000 58.000000 59.000000 60.000000 61.000000 62.000000 63.000000 64.000000 65.000000 66.000000 67.000000 68.000000 69.000000 70.000000 71.000000 72.000000 73.000000 74.000000 75.000000 76.000000 77.000000 78.000000 79.000000 80.000000 81.000000 82.000000 83.000000 84.000000 85.000000 86.000000 87.000000 88.000000 89.000000 90.000000 91.000000 92.000000 93.000000 94.000000 95.000000 96.000000 97.000000 98.000000 99.000000 100.000000 101.000000 102.000000 103.000000 104.000000 105.000000 106.000000 107.000000 108.000000 109.000000 110.000000 111.000000 112.000000 113.000000 114.000000 115.000000 116.000000 117.000000 118.000000 119.000000 120.000000 121.000000 122.000000 123.000000 124.000000 125.000000 126.000000 127.000000 128.000000 129.000000 130.000000 131.000000 132.000000 133.000000 134.000000 135.000000 136.000000 137.000000 138.000000 139.000000 140.000000 141.000000 142.000000 143.000000 144.000000 145.000000 146.000000 147.000000 148.000000 149.000000 150.000000 151.000000 152.000000 153.000000 154.000000 155.000000 156.000000 157.000000 158.000000 159.000000 160.000000 161.000000 162.000000 163.000000 164.000000 165.000000 166.000000 167.000000 168.000000 169.000000 170.000000 171.000000 172.000000 173.000000 174.000000 175.000000 176.000000 177.000000 178.000000 179.000000 180.000000 181.000000 182.000000 183.000000 184.000000 185.000000 186.000000 187.000000 188.000000 189.000000 190.000000 191.000000 192.000000 193.000000 194.000000 195.000000 196.000000 197.000000 198.000000 199.000000 200.000000 201.000000 202.000000 203.000000 204.000000 205.000000 206.000000 207.000000 208.000000 209.000000 210.000000 211.000000 212.000000 213.000000 214.000000 215.000000 216.000000 217.000000 218.000000 219.000000 220.000000 221.000000 222.000000 223.000000 224.000000 225.000000 226.000000 227.000000 228.000000 229.000000 230.000000 231.000000 232.000000 233.000000 234.000000 235.000000 236.000000 237.000000 238.000000 239.000000 240.000000 241.000000 242.000000 243.000000 244.000000 245.000000 246.000000 247.000000 248.000000 249.000000 250.000000 251.000000 252.000000 253.000000 254.000000 255.000000 256.000000
---------------------------------------------------
----------Matrix C - Primeiros 256 termos----------
1832519991296.000000 1832522481664.000000 1832525365248.000000 1832527986688.000000 1832530739200.000000 1832533229568.000000 1832535719936.000000 1832538210304.000000 1832540438528.000000 1832542928896.000000 1832544894976.000000 1832546992128.000000 1832549089280.000000 1832550793216.000000 1832552628224.000000 1832553807872.000000 1832555118592.000000 1832556822528.000000 1832557346816.000000 1832558264320.000000 1832558788608.000000 1832559050752.000000 1832560230400.000000 1832559706112.000000 1832559575040.000000 1832559443968.000000 1832558526464.000000 1832557346816.000000 1832556036096.000000 1832554332160.000000 1832552628224.000000 1832550137856.000000 1832548433920.000000 1832545550336.000000 1832542535680.000000 1832538603520.000000 1832535326720.000000 1832530608128.000000 1832526413824.000000 1832521039872.000000 1832516059136.000000 1832510554112.000000 1832504131584.000000 1832497971200.000000 1832490631168.000000 1832482897920.000000 1832474771456.000000 1832466120704.000000 1832456814592.000000 1832447770624.000000 1832438202368.000000 1832427323392.000000 1832416444416.000000 1832404779008.000000 1832392982528.000000 1832380530688.000000 1832367161344.000000 1832352743424.000000 1832338063360.000000 1832324038656.000000 1832308965376.000000 1832292450304.000000 1832275804160.000000 1832258633728.000000 1832239890432.000000 1832221278208.000000 1832202272768.000000 1832181563392.000000 1832161378304.000000 1832140013568.000000 1832117993472.000000 1832095449088.000000 1832071331840.000000 1832047607808.000000 1832021917696.000000 1831995441152.000000 1831969095680.000000 1831942488064.000000 1831913914368.000000 1831885078528.000000 1831855063040.000000 1831824916480.000000 1831793459200.000000 1831760953344.000000 1831728185344.000000 1831693582336.000000 1831658455040.000000 1831623196672.000000 1831586627584.000000 1831549272064.000000 1831510212608.000000 1831470497792.000000 1831430651904.000000 1831388971008.000000 1831346765824.000000 1831303512064.000000 1831259996160.000000 1831215169536.000000 1831168901120.000000 1831121977344.000000 1831074136064.000000 1831024459776.000000 1830974652416.000000 1830923534336.000000 1830870974464.000000 1830817628160.000000 1830763364352.000000 1830707920896.000000 1830651035648.000000 1830593363968.000000 1830533726208.000000 1830473957376.000000 1830413008896.000000 1830350880768.000000 1830286917632.000000 1830222823424.000000 1830156632064.000000 1830089392128.000000 1830021627904.000000 1829952552960.000000 1829881118720.000000 1829809422336.000000 1829736939520.000000 1829662359552.000000 1829586468864.000000 1829509922816.000000 1829431672832.000000 1829352243200.000000 1829271633920.000000 1829190238208.000000 1829106745344.000000 1829022072832.000000 1828936220672.000000 1828848795648.000000 1828760059904.000000 1828670275584.000000 1828578525184.000000 1828485332992.000000 1828391092224.000000 1828295409664.000000 1828198023168.000000 1828099588096.000000 1827999186944.000000 1827897344000.000000 1827794583552.000000 1827689857024.000000 1827583557632.000000 1827476471808.000000 1827367550976.000000 1827256926208.000000 1827144597504.000000 1827031089152.000000 1826916139008.000000 1826799616000.000000 1826681520128.000000 1826561851392.000000 1826440478720.000000 1826318188544.000000 1826193801216.000000 1826068496384.000000 1825941225472.000000 1825811333120.000000 1825679867904.000000 1825547354112.000000 1825412481024.000000 1825276035072.000000 1825138409472.000000 1824998031360.000000 1824856866816.000000 1824713605120.000000 1824568770560.000000 1824422625280.000000 1824274251776.000000 1824124043264.000000 1823972655104.000000 1823819038720.000000 1823664242688.000000 1823507087360.000000 1823348359168.000000 1823187271680.000000 1823024611328.000000 1822859722752.000000 1822692999168.000000 1822525227008.000000 1822355226624.000000 1822183391232.000000 1822009720832.000000 1821834477568.000000 1821657399296.000000 1821478879232.000000 1821297737728.000000 1821113843712.000000 1820928114688.000000 1820740288512.000000 1820550758400.000000 1820359131136.000000 1820165931008.000000 1819970633728.000000 1819773108224.000000 1819573223424.000000 1819370979328.000000 1819167162368.000000 1818962296832.000000 1818752712704.000000 1818545750016.000000 1818333282304.000000 1818119634944.000000 1817902579712.000000 1817683558400.000000 1817463750656.000000 1817242107904.000000 1817017843712.000000 1816792793088.000000 1816564203520.000000 1816332861440.000000 1816099553280.000000 1815863754752.000000 1815625728000.000000 1815385210880.000000 1815142858752.000000 1814898540544.000000 1814652256256.000000 1814403219456.000000 1814151823360.000000 1813898199040.000000 1813642346496.000000 1813384134656.000000 1813123432448.000000 1812861026304.000000 1812596129792.000000 1812328480768.000000 1812058996736.000000 1811786760192.000000 1811511771136.000000 1811234029568.000000 1810954321920.000000 1810671861760.000000 1810388090880.000000 1810101960704.000000 1809813340160.000000 1809522229248.000000 1809229021184.000000 1808933191680.000000 1808634740736.000000 1808333406208.000000 1808029319168.000000 1807722872832.000000 1807413673984.000000 1807101853696.000000 1806787805184.000000 1806470873088.000000 1806151712768.000000 1805829406720.000000 1805505003520.000000 1805178241024.000000 1804848463872.000000
---------------------------------------------------

scalar_matrix_mult: 21.490999 ms
matrix_matrix_mult: 5166.180176 ms
Overall time: 5233.080078 ms




2048x2048:
felipe@cance:/mnt/e/Documentos (SSD)/Github/inf1029$ ./create_matrix 2048 2048 floats_256_2.0f.dat
felipe@cance:/mnt/e/Documentos (SSD)/Github/inf1029$ ./create_matrix 2048 2048 floats_256_5.0f.dat
felipe@cance:/mnt/e/Documentos (SSD)/Github/inf1029$ ./matrix_lib_test 5.0 2048 2048 2048 2048 "floats_256_2.0f.dat" "floats_256_5.0f.dat" "result1.dat" "result2.dat"
----------Matrix A - Primeiros 256 termos----------
1.000000 2.000000 3.000000 4.000000 5.000000 6.000000 7.000000 8.000000 9.000000 10.000000 11.000000 12.000000 13.000000 14.000000 15.000000 16.000000 17.000000 18.000000 19.000000 20.000000 21.000000 22.000000 23.000000 24.000000 25.000000 26.000000 27.000000 28.000000 29.000000 30.000000 31.000000 32.000000 33.000000 34.000000 35.000000 36.000000 37.000000 38.000000 39.000000 40.000000 41.000000 42.000000 43.000000 44.000000 45.000000 46.000000 47.000000 48.000000 49.000000 50.000000 51.000000 52.000000 53.000000 54.000000 55.000000 56.000000 57.000000 58.000000 59.000000 60.000000 61.000000 62.000000 63.000000 64.000000 65.000000 66.000000 67.000000 68.000000 69.000000 70.000000 71.000000 72.000000 73.000000 74.000000 75.000000 76.000000 77.000000 78.000000 79.000000 80.000000 81.000000 82.000000 83.000000 84.000000 85.000000 86.000000 87.000000 88.000000 89.000000 90.000000 91.000000 92.000000 93.000000 94.000000 95.000000 96.000000 97.000000 98.000000 99.000000 100.000000 101.000000 102.000000 103.000000 104.000000 105.000000 106.000000 107.000000 108.000000 109.000000 110.000000 111.000000 112.000000 113.000000 114.000000 115.000000 116.000000 117.000000 118.000000 119.000000 120.000000 121.000000 122.000000 123.000000 124.000000 125.000000 126.000000 127.000000 128.000000 129.000000 130.000000 131.000000 132.000000 133.000000 134.000000 135.000000 136.000000 137.000000 138.000000 139.000000 140.000000 141.000000 142.000000 143.000000 144.000000 145.000000 146.000000 147.000000 148.000000 149.000000 150.000000 151.000000 152.000000 153.000000 154.000000 155.000000 156.000000 157.000000 158.000000 159.000000 160.000000 161.000000 162.000000 163.000000 164.000000 165.000000 166.000000 167.000000 168.000000 169.000000 170.000000 171.000000 172.000000 173.000000 174.000000 175.000000 176.000000 177.000000 178.000000 179.000000 180.000000 181.000000 182.000000 183.000000 184.000000 185.000000 186.000000 187.000000 188.000000 189.000000 190.000000 191.000000 192.000000 193.000000 194.000000 195.000000 196.000000 197.000000 198.000000 199.000000 200.000000 201.000000 202.000000 203.000000 204.000000 205.000000 206.000000 207.000000 208.000000 209.000000 210.000000 211.000000 212.000000 213.000000 214.000000 215.000000 216.000000 217.000000 218.000000 219.000000 220.000000 221.000000 222.000000 223.000000 224.000000 225.000000 226.000000 227.000000 228.000000 229.000000 230.000000 231.000000 232.000000 233.000000 234.000000 235.000000 236.000000 237.000000 238.000000 239.000000 240.000000 241.000000 242.000000 243.000000 244.000000 245.000000 246.000000 247.000000 248.000000 249.000000 250.000000 251.000000 252.000000 253.000000 254.000000 255.000000 256.000000
---------------------------------------------------
----------Matrix B - Primeiros 256 termos----------
1.000000 2.000000 3.000000 4.000000 5.000000 6.000000 7.000000 8.000000 9.000000 10.000000 11.000000 12.000000 13.000000 14.000000 15.000000 16.000000 17.000000 18.000000 19.000000 20.000000 21.000000 22.000000 23.000000 24.000000 25.000000 26.000000 27.000000 28.000000 29.000000 30.000000 31.000000 32.000000 33.000000 34.000000 35.000000 36.000000 37.000000 38.000000 39.000000 40.000000 41.000000 42.000000 43.000000 44.000000 45.000000 46.000000 47.000000 48.000000 49.000000 50.000000 51.000000 52.000000 53.000000 54.000000 55.000000 56.000000 57.000000 58.000000 59.000000 60.000000 61.000000 62.000000 63.000000 64.000000 65.000000 66.000000 67.000000 68.000000 69.000000 70.000000 71.000000 72.000000 73.000000 74.000000 75.000000 76.000000 77.000000 78.000000 79.000000 80.000000 81.000000 82.000000 83.000000 84.000000 85.000000 86.000000 87.000000 88.000000 89.000000 90.000000 91.000000 92.000000 93.000000 94.000000 95.000000 96.000000 97.000000 98.000000 99.000000 100.000000 101.000000 102.000000 103.000000 104.000000 105.000000 106.000000 107.000000 108.000000 109.000000 110.000000 111.000000 112.000000 113.000000 114.000000 115.000000 116.000000 117.000000 118.000000 119.000000 120.000000 121.000000 122.000000 123.000000 124.000000 125.000000 126.000000 127.000000 128.000000 129.000000 130.000000 131.000000 132.000000 133.000000 134.000000 135.000000 136.000000 137.000000 138.000000 139.000000 140.000000 141.000000 142.000000 143.000000 144.000000 145.000000 146.000000 147.000000 148.000000 149.000000 150.000000 151.000000 152.000000 153.000000 154.000000 155.000000 156.000000 157.000000 158.000000 159.000000 160.000000 161.000000 162.000000 163.000000 164.000000 165.000000 166.000000 167.000000 168.000000 169.000000 170.000000 171.000000 172.000000 173.000000 174.000000 175.000000 176.000000 177.000000 178.000000 179.000000 180.000000 181.000000 182.000000 183.000000 184.000000 185.000000 186.000000 187.000000 188.000000 189.000000 190.000000 191.000000 192.000000 193.000000 194.000000 195.000000 196.000000 197.000000 198.000000 199.000000 200.000000 201.000000 202.000000 203.000000 204.000000 205.000000 206.000000 207.000000 208.000000 209.000000 210.000000 211.000000 212.000000 213.000000 214.000000 215.000000 216.000000 217.000000 218.000000 219.000000 220.000000 221.000000 222.000000 223.000000 224.000000 225.000000 226.000000 227.000000 228.000000 229.000000 230.000000 231.000000 232.000000 233.000000 234.000000 235.000000 236.000000 237.000000 238.000000 239.000000 240.000000 241.000000 242.000000 243.000000 244.000000 245.000000 246.000000 247.000000 248.000000 249.000000 250.000000 251.000000 252.000000 253.000000 254.000000 255.000000 256.000000
---------------------------------------------------
----------Matrix C - Primeiros 256 termos----------
0.000000 0.000000 0.000000 0.000000 0.000000 0.000000 0.000000 0.000000 0.000000 0.000000 0.000000 0.000000 0.000000 0.000000 0.000000 0.000000 0.000000 0.000000 0.000000 0.000000 0.000000 0.000000 0.000000 0.000000 0.000000 0.000000 0.000000 0.000000 0.000000 0.000000 0.000000 0.000000 0.000000 0.000000 0.000000 0.000000 0.000000 0.000000 0.000000 0.000000 0.000000 0.000000 0.000000 0.000000 0.000000 0.000000 0.000000 0.000000 0.000000 0.000000 0.000000 0.000000 0.000000 0.000000 0.000000 0.000000 0.000000 0.000000 0.000000 0.000000 0.000000 0.000000 0.000000 0.000000 0.000000 0.000000 0.000000 0.000000 0.000000 0.000000 0.000000 0.000000 0.000000 0.000000 0.000000 0.000000 0.000000 0.000000 0.000000 0.000000 0.000000 0.000000 0.000000 0.000000 0.000000 0.000000 0.000000 0.000000 0.000000 0.000000 0.000000 0.000000 0.000000 0.000000 0.000000 0.000000 0.000000 0.000000 0.000000 0.000000 0.000000 0.000000 0.000000 0.000000 0.000000 0.000000 0.000000 0.000000 0.000000 0.000000 0.000000 0.000000 0.000000 0.000000 0.000000 0.000000 0.000000 0.000000 0.000000 0.000000 0.000000 0.000000 0.000000 0.000000 0.000000 0.000000 0.000000 0.000000 0.000000 0.000000 0.000000 0.000000 0.000000 0.000000 0.000000 0.000000 0.000000 0.000000 0.000000 0.000000 0.000000 0.000000 0.000000 0.000000 0.000000 0.000000 0.000000 0.000000 0.000000 0.000000 0.000000 0.000000 0.000000 0.000000 0.000000 0.000000 0.000000 0.000000 0.000000 0.000000 0.000000 0.000000 0.000000 0.000000 0.000000 0.000000 0.000000 0.000000 0.000000 0.000000 0.000000 0.000000 0.000000 0.000000 0.000000 0.000000 0.000000 0.000000 0.000000 0.000000 0.000000 0.000000 0.000000 0.000000 0.000000 0.000000 0.000000 0.000000 0.000000 0.000000 0.000000 0.000000 0.000000 0.000000 0.000000 0.000000 0.000000 0.000000 0.000000 0.000000 0.000000 0.000000 0.000000 0.000000 0.000000 0.000000 0.000000 0.000000 0.000000 0.000000 0.000000 0.000000 0.000000 0.000000 0.000000 0.000000 0.000000 0.000000 0.000000 0.000000 0.000000 0.000000 0.000000 0.000000 0.000000 0.000000 0.000000 0.000000 0.000000 0.000000 0.000000 0.000000 0.000000 0.000000 0.000000 0.000000 0.000000 0.000000 0.000000 0.000000 0.000000 0.000000 0.000000 0.000000 0.000000 0.000000 0.000000 0.000000 0.000000 0.000000 0.000000 0.000000 0.000000 0.000000 0.000000 0.000000
---------------------------------------------------


----------Matrix A - Primeiros 256 termos----------
5.000000 10.000000 15.000000 20.000000 25.000000 30.000000 35.000000 40.000000 45.000000 50.000000 55.000000 60.000000 65.000000 70.000000 75.000000 80.000000 85.000000 90.000000 95.000000 100.000000 105.000000 110.000000 115.000000 120.000000 125.000000 130.000000 135.000000 140.000000 145.000000 150.000000 155.000000 160.000000 165.000000 170.000000 175.000000 180.000000 185.000000 190.000000 195.000000 200.000000 205.000000 210.000000 215.000000 220.000000 225.000000 230.000000 235.000000 240.000000 245.000000 250.000000 255.000000 260.000000 265.000000 270.000000 275.000000 280.000000 285.000000 290.000000 295.000000 300.000000 305.000000 310.000000 315.000000 320.000000 325.000000 330.000000 335.000000 340.000000 345.000000 350.000000 355.000000 360.000000 365.000000 370.000000 375.000000 380.000000 385.000000 390.000000 395.000000 400.000000 405.000000 410.000000 415.000000 420.000000 425.000000 430.000000 435.000000 440.000000 445.000000 450.000000 455.000000 460.000000 465.000000 470.000000 475.000000 480.000000 485.000000 490.000000 495.000000 500.000000 505.000000 510.000000 515.000000 520.000000 525.000000 530.000000 535.000000 540.000000 545.000000 550.000000 555.000000 560.000000 565.000000 570.000000 575.000000 580.000000 585.000000 590.000000 595.000000 600.000000 605.000000 610.000000 615.000000 620.000000 625.000000 630.000000 635.000000 640.000000 645.000000 650.000000 655.000000 660.000000 665.000000 670.000000 675.000000 680.000000 685.000000 690.000000 695.000000 700.000000 705.000000 710.000000 715.000000 720.000000 725.000000 730.000000 735.000000 740.000000 745.000000 750.000000 755.000000 760.000000 765.000000 770.000000 775.000000 780.000000 785.000000 790.000000 795.000000 800.000000 805.000000 810.000000 815.000000 820.000000 825.000000 830.000000 835.000000 840.000000 845.000000 850.000000 855.000000 860.000000 865.000000 870.000000 875.000000 880.000000 885.000000 890.000000 895.000000 900.000000 905.000000 910.000000 915.000000 920.000000 925.000000 930.000000 935.000000 940.000000 945.000000 950.000000 955.000000 960.000000 965.000000 970.000000 975.000000 980.000000 985.000000 990.000000 995.000000 1000.000000 1005.000000 1010.000000 1015.000000 1020.000000 1025.000000 1030.000000 1035.000000 1040.000000 1045.000000 1050.000000 1055.000000 1060.000000 1065.000000 1070.000000 1075.000000 1080.000000 1085.000000 1090.000000 1095.000000 1100.000000 1105.000000 1110.000000 1115.000000 1120.000000 1125.000000 1130.000000 1135.000000 1140.000000 1145.000000 1150.000000 1155.000000 1160.000000 1165.000000 1170.000000 1175.000000 1180.000000 1185.000000 1190.000000 1195.000000 1200.000000 1205.000000 1210.000000 1215.000000 1220.000000 1225.000000 1230.000000 1235.000000 1240.000000 1245.000000 1250.000000 1255.000000 1260.000000 1265.000000 1270.000000 1275.000000 1280.000000
---------------------------------------------------
----------Matrix B - Primeiros 256 termos----------
1.000000 2.000000 3.000000 4.000000 5.000000 6.000000 7.000000 8.000000 9.000000 10.000000 11.000000 12.000000 13.000000 14.000000 15.000000 16.000000 17.000000 18.000000 19.000000 20.000000 21.000000 22.000000 23.000000 24.000000 25.000000 26.000000 27.000000 28.000000 29.000000 30.000000 31.000000 32.000000 33.000000 34.000000 35.000000 36.000000 37.000000 38.000000 39.000000 40.000000 41.000000 42.000000 43.000000 44.000000 45.000000 46.000000 47.000000 48.000000 49.000000 50.000000 51.000000 52.000000 53.000000 54.000000 55.000000 56.000000 57.000000 58.000000 59.000000 60.000000 61.000000 62.000000 63.000000 64.000000 65.000000 66.000000 67.000000 68.000000 69.000000 70.000000 71.000000 72.000000 73.000000 74.000000 75.000000 76.000000 77.000000 78.000000 79.000000 80.000000 81.000000 82.000000 83.000000 84.000000 85.000000 86.000000 87.000000 88.000000 89.000000 90.000000 91.000000 92.000000 93.000000 94.000000 95.000000 96.000000 97.000000 98.000000 99.000000 100.000000 101.000000 102.000000 103.000000 104.000000 105.000000 106.000000 107.000000 108.000000 109.000000 110.000000 111.000000 112.000000 113.000000 114.000000 115.000000 116.000000 117.000000 118.000000 119.000000 120.000000 121.000000 122.000000 123.000000 124.000000 125.000000 126.000000 127.000000 128.000000 129.000000 130.000000 131.000000 132.000000 133.000000 134.000000 135.000000 136.000000 137.000000 138.000000 139.000000 140.000000 141.000000 142.000000 143.000000 144.000000 145.000000 146.000000 147.000000 148.000000 149.000000 150.000000 151.000000 152.000000 153.000000 154.000000 155.000000 156.000000 157.000000 158.000000 159.000000 160.000000 161.000000 162.000000 163.000000 164.000000 165.000000 166.000000 167.000000 168.000000 169.000000 170.000000 171.000000 172.000000 173.000000 174.000000 175.000000 176.000000 177.000000 178.000000 179.000000 180.000000 181.000000 182.000000 183.000000 184.000000 185.000000 186.000000 187.000000 188.000000 189.000000 190.000000 191.000000 192.000000 193.000000 194.000000 195.000000 196.000000 197.000000 198.000000 199.000000 200.000000 201.000000 202.000000 203.000000 204.000000 205.000000 206.000000 207.000000 208.000000 209.000000 210.000000 211.000000 212.000000 213.000000 214.000000 215.000000 216.000000 217.000000 218.000000 219.000000 220.000000 221.000000 222.000000 223.000000 224.000000 225.000000 226.000000 227.000000 228.000000 229.000000 230.000000 231.000000 232.000000 233.000000 234.000000 235.000000 236.000000 237.000000 238.000000 239.000000 240.000000 241.000000 242.000000 243.000000 244.000000 245.000000 246.000000 247.000000 248.000000 249.000000 250.000000 251.000000 252.000000 253.000000 254.000000 255.000000 256.000000
---------------------------------------------------
----------Matrix C - Primeiros 256 termos----------
29320300986368.000000 29320309374976.000000 29320319860736.000000 29320332443648.000000 29320345026560.000000 29320351318016.000000 29320365998080.000000 29320372289536.000000 29320380678144.000000 29320386969600.000000 29320397455360.000000 29320403746816.000000 29320412135424.000000 29320418426880.000000 29320428912640.000000 29320439398400.000000 29320449884160.000000 29320454078464.000000 29320470855680.000000 29320475049984.000000 29320479244288.000000 29320487632896.000000 29320493924352.000000 29320493924352.000000 29320504410112.000000 29320512798720.000000 29320514895872.000000 29320516993024.000000 29320525381632.000000 29320527478784.000000 29320527478784.000000 29320529575936.000000 29320529575936.000000 29320527478784.000000 29320525381632.000000 29320525381632.000000 29320519090176.000000 29320521187328.000000 29320519090176.000000 29320516993024.000000 29320508604416.000000 29320504410112.000000 29320498118656.000000 29320491827200.000000 29320481341440.000000 29320468758528.000000 29320462467072.000000 29320451981312.000000 29320435204096.000000 29320424718336.000000 29320414232576.000000 29320397455360.000000 29320376483840.000000 29320363900928.000000 29320345026560.000000 29320328249344.000000 29320311472128.000000 29320288403456.000000 29320265334784.000000 29320240168960.000000 29320221294592.000000 29320191934464.000000 29320162574336.000000 29320129019904.000000 29320099659776.000000 29320072396800.000000 29320034648064.000000 29320005287936.000000 29319978024960.000000 29319936081920.000000 29319894138880.000000 29319850098688.000000 29319812349952.000000 29319764115456.000000 29319720075264.000000 29319676035072.000000 29319625703424.000000 29319575371776.000000 29319520845824.000000 29319470514176.000000 29319411793920.000000 29319357267968.000000 29319306936320.000000 29319246118912.000000 29319181107200.000000 29319120289792.000000 29319051083776.000000 29318990266368.000000 29318923157504.000000 29318847660032.000000 29318780551168.000000 29318707150848.000000 29318633750528.000000 29318549864448.000000 29318474366976.000000 29318392578048.000000 29318310789120.000000 29318231097344.000000 29318138822656.000000 29318052839424.000000 29317960564736.000000 29317866192896.000000 29317771821056.000000 29317673254912.000000 29317572591616.000000 29317471928320.000000 29317364973568.000000 29317258018816.000000 29317155258368.000000 29317046206464.000000 29316928765952.000000 29316813422592.000000 29316698079232.000000 29316580638720.000000 29316463198208.000000 29316343660544.000000 29316215734272.000000 29316087808000.000000 29315951493120.000000 29315819372544.000000 29315683057664.000000 29315544645632.000000 29315404136448.000000 29315255238656.000000 29315108438016.000000 29314957443072.000000 29314806448128.000000 29314653356032.000000 29314493972480.000000 29314334588928.000000 29314177302528.000000 29314011627520.000000 29313850146816.000000 29313680277504.000000 29313506213888.000000 29313327955968.000000 29313158086656.000000 29312977731584.000000 29312788987904.000000 29312600244224.000000 29312407306240.000000 29312212271104.000000 29312021430272.000000 29311828492288.000000 29311627165696.000000 29311419547648.000000 29311214026752.000000 29311000117248.000000 29310784110592.000000 29310570201088.000000 29310347902976.000000 29310123507712.000000 29309897015296.000000 29309668425728.000000 29309437739008.000000 29309207052288.000000 29308967976960.000000 29308726804480.000000 29308477243392.000000 29308231876608.000000 29307980218368.000000 29307726462976.000000 29307468513280.000000 29307206369280.000000 29306940030976.000000 29306669498368.000000 29306401062912.000000 29306122141696.000000 29305855803392.000000 29305576882176.000000 29305289572352.000000 29305004359680.000000 29304717049856.000000 29304423448576.000000 29304125652992.000000 29303825760256.000000 29303523770368.000000 29303215489024.000000 29302905110528.000000 29302588440576.000000 29302267576320.000000 29301942517760.000000 29301613264896.000000 29301279817728.000000 29300952662016.000000 29300612923392.000000 29300271087616.000000 29299925057536.000000 29299576930304.000000 29299224608768.000000 29298868092928.000000 29298505285632.000000 29298144575488.000000 29297777573888.000000 29297402183680.000000 29297026793472.000000 29296647208960.000000 29296269721600.000000 29295877554176.000000 29295485386752.000000 29295086927872.000000 29294682177536.000000 29294277427200.000000 29293866385408.000000 29293451149312.000000 29293033816064.000000 29292612288512.000000 29292192858112.000000 29291762941952.000000 29291330928640.000000 29290894721024.000000 29290454319104.000000 29290005528576.000000 29289556738048.000000 29289095364608.000000 29288636088320.000000 29288166326272.000000 29287694467072.000000 29287226802176.000000 29286746554368.000000 29286268403712.000000 29285777670144.000000 29285286936576.000000 29284792008704.000000 29284286595072.000000 29283776987136.000000 29283267379200.000000 29282753576960.000000 29282231386112.000000 29281707098112.000000 29281180712960.000000 29280643842048.000000 29280100679680.000000 29279555420160.000000 29279003869184.000000 29278448123904.000000 29277890281472.000000 29277326147584.000000 29276759916544.000000 29276183199744.000000 29275602288640.000000 29275021377536.000000 29274436272128.000000 29273842778112.000000 29273242992640.000000 29272641110016.000000 29272030838784.000000 29271418470400.000000 29270801907712.000000 29270185345024.000000 29269562490880.000000 29268933345280.000000 29268293713920.000000 29267647791104.000000 29266997673984.000000 29266347556864.000000
---------------------------------------------------

scalar_matrix_mult: 70.646004 ms
matrix_matrix_mult: 36012.105469 ms
Overall time: 36190.867188 ms











lscpu:
Architecture:        x86_64
CPU op-mode(s):      32-bit, 64-bit
Byte Order:          Little Endian
CPU(s):              12
On-line CPU(s) list: 0-11
Thread(s) per core:  2
Core(s) per socket:  6
Socket(s):           1
Vendor ID:           AuthenticAMD
CPU family:          25
Model:               33
Model name:          AMD Ryzen 5 5600 6-Core Processor
Stepping:            2
CPU MHz:             3500.042
BogoMIPS:            7000.08
Virtualization:      AMD-V
Hypervisor vendor:   Microsoft
Virtualization type: full
L1d cache:           32K
L1i cache:           32K
L2 cache:            512K
L3 cache:            32768K
