INF-1029 - Trabalho 2
Diego Miranda - 2210996
Felipe Cancella - 2210487

///////////////////////////////////

Resultados do T1:

1024x1024:
scalar_matrix_mult: 10.397000 ms
matrix_matrix_mult: 5338.442871 ms
Overall time: 5387.414062 ms

2048x2048:
scalar_matrix_mult: 58.757019 ms
matrix_matrix_mult: 47413.628906 ms
Overall time: 47531.421875 ms

///////////////////////////////////

T2 - AVX:

1024x1024:

> ./matrix_lib_test 5.0 1024 1024 1024 1024 "floats_256_2.0f.dat" "floats_256_5.0f.dat" "result1.dat" "result2.dat"

Antes:
----------Matrix A - Primeiros 256 termos----------
1.000000 2.000000 3.000000 4.000000 5.000000 6.000000 7.000000 8.000000 9.000000 10.000000 11.000000 12.000000 13.000000 14.000000 15.000000 16.000000 17.000000 18.000000 19.000000 20.000000 21.000000 22.000000 23.000000 24.000000 25.000000 26.000000 27.000000 28.000000 29.000000 30.000000 31.000000 32.000000 33.000000 34.000000 35.000000 36.000000 37.000000 38.000000 39.000000 40.000000 41.000000 42.000000 43.000000 44.000000 45.000000 46.000000 47.000000 48.000000 49.000000 50.000000 51.000000 52.000000 53.000000 54.000000 55.000000 56.000000 57.000000 58.000000 59.000000 60.000000 61.000000 62.000000 63.000000 64.000000 65.000000 66.000000 67.000000 68.000000 69.000000 70.000000 71.000000 72.000000 73.000000 74.000000 75.000000 76.000000 77.000000 78.000000 79.000000 80.000000 81.000000 82.000000 83.000000 84.000000 85.000000 86.000000 87.000000 88.000000 89.000000 90.000000 91.000000 92.000000 93.000000 94.000000 95.000000 96.000000 97.000000 98.000000 99.000000 100.000000 101.000000 102.000000 103.000000 104.000000 105.000000 106.000000 107.000000 108.000000 109.000000 110.000000 111.000000 112.000000 113.000000 114.000000 115.000000 116.000000 117.000000 118.000000 119.000000 120.000000 121.000000 122.000000 123.000000 124.000000 125.000000 126.000000 127.000000 128.000000 129.000000 130.000000 131.000000 132.000000 133.000000 134.000000 135.000000 136.000000 137.000000 138.000000 139.000000 140.000000 141.000000 142.000000 143.000000 144.000000 145.000000 146.000000 147.000000 148.000000 149.000000 150.000000 151.000000 152.000000 153.000000 154.000000 155.000000 156.000000 157.000000 158.000000 159.000000 160.000000 161.000000 162.000000 163.000000 164.000000 165.000000 166.000000 167.000000 168.000000 169.000000 170.000000 171.000000 172.000000 173.000000 174.000000 175.000000 176.000000 177.000000 178.000000 179.000000 180.000000 181.000000 182.000000 183.000000 184.000000 185.000000 186.000000 187.000000 188.000000 189.000000 190.000000 191.000000 192.000000 193.000000 194.000000 195.000000 196.000000 197.000000 198.000000 199.000000 200.000000 201.000000 202.000000 203.000000 204.000000 205.000000 206.000000 207.000000 208.000000 209.000000 210.000000 211.000000 212.000000 213.000000 214.000000 215.000000 216.000000 217.000000 218.000000 219.000000 220.000000 221.000000 222.000000 223.000000 224.000000 225.000000 226.000000 227.000000 228.000000 229.000000 230.000000 231.000000 232.000000 233.000000 234.000000 235.000000 236.000000 237.000000 238.000000 239.000000 240.000000 241.000000 242.000000 243.000000 244.000000 245.000000 246.000000 247.000000 248.000000 249.000000 250.000000 251.000000 252.000000 253.000000 254.000000 255.000000 256.000000
---------------------------------------------------
----------Matrix B - Primeiros 256 termos----------
1.000000 2.000000 3.000000 4.000000 5.000000 6.000000 7.000000 8.000000 9.000000 10.000000 11.000000 12.000000 13.000000 14.000000 15.000000 16.000000 17.000000 18.000000 19.000000 20.000000 21.000000 22.000000 23.000000 24.000000 25.000000 26.000000 27.000000 28.000000 29.000000 30.000000 31.000000 32.000000 33.000000 34.000000 35.000000 36.000000 37.000000 38.000000 39.000000 40.000000 41.000000 42.000000 43.000000 44.000000 45.000000 46.000000 47.000000 48.000000 49.000000 50.000000 51.000000 52.000000 53.000000 54.000000 55.000000 56.000000 57.000000 58.000000 59.000000 60.000000 61.000000 62.000000 63.000000 64.000000 65.000000 66.000000 67.000000 68.000000 69.000000 70.000000 71.000000 72.000000 73.000000 74.000000 75.000000 76.000000 77.000000 78.000000 79.000000 80.000000 81.000000 82.000000 83.000000 84.000000 85.000000 86.000000 87.000000 88.000000 89.000000 90.000000 91.000000 92.000000 93.000000 94.000000 95.000000 96.000000 97.000000 98.000000 99.000000 100.000000 101.000000 102.000000 103.000000 104.000000 105.000000 106.000000 107.000000 108.000000 109.000000 110.000000 111.000000 112.000000 113.000000 114.000000 115.000000 116.000000 117.000000 118.000000 119.000000 120.000000 121.000000 122.000000 123.000000 124.000000 125.000000 126.000000 127.000000 128.000000 129.000000 130.000000 131.000000 132.000000 133.000000 134.000000 135.000000 136.000000 137.000000 138.000000 139.000000 140.000000 141.000000 142.000000 143.000000 144.000000 145.000000 146.000000 147.000000 148.000000 149.000000 150.000000 151.000000 152.000000 153.000000 154.000000 155.000000 156.000000 157.000000 158.000000 159.000000 160.000000 161.000000 162.000000 163.000000 164.000000 165.000000 166.000000 167.000000 168.000000 169.000000 170.000000 171.000000 172.000000 173.000000 174.000000 175.000000 176.000000 177.000000 178.000000 179.000000 180.000000 181.000000 182.000000 183.000000 184.000000 185.000000 186.000000 187.000000 188.000000 189.000000 190.000000 191.000000 192.000000 193.000000 194.000000 195.000000 196.000000 197.000000 198.000000 199.000000 200.000000 201.000000 202.000000 203.000000 204.000000 205.000000 206.000000 207.000000 208.000000 209.000000 210.000000 211.000000 212.000000 213.000000 214.000000 215.000000 216.000000 217.000000 218.000000 219.000000 220.000000 221.000000 222.000000 223.000000 224.000000 225.000000 226.000000 227.000000 228.000000 229.000000 230.000000 231.000000 232.000000 233.000000 234.000000 235.000000 236.000000 237.000000 238.000000 239.000000 240.000000 241.000000 242.000000 243.000000 244.000000 245.000000 246.000000 247.000000 248.000000 249.000000 250.000000 251.000000 252.000000 253.000000 254.000000 255.000000 256.000000
---------------------------------------------------
----------Matrix C - Primeiros 256 termos----------
0.000000 0.000000 0.000000 0.000000 0.000000 0.000000 0.000000 0.000000 0.000000 0.000000 0.000000 0.000000 0.000000 0.000000 0.000000 0.000000 0.000000 0.000000 0.000000 0.000000 0.000000 0.000000 0.000000 0.000000 0.000000 0.000000 0.000000 0.000000 0.000000 0.000000 0.000000 0.000000 0.000000 0.000000 0.000000 0.000000 0.000000 0.000000 0.000000 0.000000 0.000000 0.000000 0.000000 0.000000 0.000000 0.000000 0.000000 0.000000 0.000000 0.000000 0.000000 0.000000 0.000000 0.000000 0.000000 0.000000 0.000000 0.000000 0.000000 0.000000 0.000000 0.000000 0.000000 0.000000 0.000000 0.000000 0.000000 0.000000 0.000000 0.000000 0.000000 0.000000 0.000000 0.000000 0.000000 0.000000 0.000000 0.000000 0.000000 0.000000 0.000000 0.000000 0.000000 0.000000 0.000000 0.000000 0.000000 0.000000 0.000000 0.000000 0.000000 0.000000 0.000000 0.000000 0.000000 0.000000 0.000000 0.000000 0.000000 0.000000 0.000000 0.000000 0.000000 0.000000 0.000000 0.000000 0.000000 0.000000 0.000000 0.000000 0.000000 0.000000 0.000000 0.000000 0.000000 0.000000 0.000000 0.000000 0.000000 0.000000 0.000000 0.000000 0.000000 0.000000 0.000000 0.000000 0.000000 0.000000 0.000000 0.000000 0.000000 0.000000 0.000000 0.000000 0.000000 0.000000 0.000000 0.000000 0.000000 0.000000 0.000000 0.000000 0.000000 0.000000 0.000000 0.000000 0.000000 0.000000 0.000000 0.000000 0.000000 0.000000 0.000000 0.000000 0.000000 0.000000 0.000000 0.000000 0.000000 0.000000 0.000000 0.000000 0.000000 0.000000 0.000000 0.000000 0.000000 0.000000 0.000000 0.000000 0.000000 0.000000 0.000000 0.000000 0.000000 0.000000 0.000000 0.000000 0.000000 0.000000 0.000000 0.000000 0.000000 0.000000 0.000000 0.000000 0.000000 0.000000 0.000000 0.000000 0.000000 0.000000 0.000000 0.000000 0.000000 0.000000 0.000000 0.000000 0.000000 0.000000 0.000000 0.000000 0.000000 0.000000 0.000000 0.000000 0.000000 0.000000 0.000000 0.000000 0.000000 0.000000 0.000000 0.000000 0.000000 0.000000 0.000000 0.000000 0.000000 0.000000 0.000000 0.000000 0.000000 0.000000 0.000000 0.000000 0.000000 0.000000 0.000000 0.000000 0.000000 0.000000 0.000000 0.000000 0.000000 0.000000 0.000000 0.000000 0.000000 0.000000 0.000000 0.000000 0.000000 0.000000 0.000000 0.000000 0.000000 0.000000 0.000000 0.000000 0.000000 0.000000 0.000000 0.000000 0.000000 0.000000
---------------------------------------------------

Depois:
----------Matrix A - Primeiros 256 termos----------
5.000000 10.000000 15.000000 20.000000 25.000000 30.000000 35.000000 40.000000 45.000000 50.000000 55.000000 60.000000 65.000000 70.000000 75.000000 80.000000 85.000000 90.000000 95.000000 100.000000 105.000000 110.000000 115.000000 120.000000 125.000000 130.000000 135.000000 140.000000 145.000000 150.000000 155.000000 160.000000 165.000000 170.000000 175.000000 180.000000 185.000000 190.000000 195.000000 200.000000 205.000000 210.000000 215.000000 220.000000 225.000000 230.000000 235.000000 240.000000 245.000000 250.000000 255.000000 260.000000 265.000000 270.000000 275.000000 280.000000 285.000000 290.000000 295.000000 300.000000 305.000000 310.000000 315.000000 320.000000 325.000000 330.000000 335.000000 340.000000 345.000000 350.000000 355.000000 360.000000 365.000000 370.000000 375.000000 380.000000 385.000000 390.000000 395.000000 400.000000 405.000000 410.000000 415.000000 420.000000 425.000000 430.000000 435.000000 440.000000 445.000000 450.000000 455.000000 460.000000 465.000000 470.000000 475.000000 480.000000 485.000000 490.000000 495.000000 500.000000 505.000000 510.000000 515.000000 520.000000 525.000000 530.000000 535.000000 540.000000 545.000000 550.000000 555.000000 560.000000 565.000000 570.000000 575.000000 580.000000 585.000000 590.000000 595.000000 600.000000 605.000000 610.000000 615.000000 620.000000 625.000000 630.000000 635.000000 640.000000 645.000000 650.000000 655.000000 660.000000 665.000000 670.000000 675.000000 680.000000 685.000000 690.000000 695.000000 700.000000 705.000000 710.000000 715.000000 720.000000 725.000000 730.000000 735.000000 740.000000 745.000000 750.000000 755.000000 760.000000 765.000000 770.000000 775.000000 780.000000 785.000000 790.000000 795.000000 800.000000 805.000000 810.000000 815.000000 820.000000 825.000000 830.000000 835.000000 840.000000 845.000000 850.000000 855.000000 860.000000 865.000000 870.000000 875.000000 880.000000 885.000000 890.000000 895.000000 900.000000 905.000000 910.000000 915.000000 920.000000 925.000000 930.000000 935.000000 940.000000 945.000000 950.000000 955.000000 960.000000 965.000000 970.000000 975.000000 980.000000 985.000000 990.000000 995.000000 1000.000000 1005.000000 1010.000000 1015.000000 1020.000000 1025.000000 1030.000000 1035.000000 1040.000000 1045.000000 1050.000000 1055.000000 1060.000000 1065.000000 1070.000000 1075.000000 1080.000000 1085.000000 1090.000000 1095.000000 1100.000000 1105.000000 1110.000000 1115.000000 1120.000000 1125.000000 1130.000000 1135.000000 1140.000000 1145.000000 1150.000000 1155.000000 1160.000000 1165.000000 1170.000000 1175.000000 1180.000000 1185.000000 1190.000000 1195.000000 1200.000000 1205.000000 1210.000000 1215.000000 1220.000000 1225.000000 1230.000000 1235.000000 1240.000000 1245.000000 1250.000000 1255.000000 1260.000000 1265.000000 1270.000000 1275.000000 1280.000000
---------------------------------------------------
----------Matrix B - Primeiros 256 termos----------
1.000000 2.000000 3.000000 4.000000 5.000000 6.000000 7.000000 8.000000 9.000000 10.000000 11.000000 12.000000 13.000000 14.000000 15.000000 16.000000 17.000000 18.000000 19.000000 20.000000 21.000000 22.000000 23.000000 24.000000 25.000000 26.000000 27.000000 28.000000 29.000000 30.000000 31.000000 32.000000 33.000000 34.000000 35.000000 36.000000 37.000000 38.000000 39.000000 40.000000 41.000000 42.000000 43.000000 44.000000 45.000000 46.000000 47.000000 48.000000 49.000000 50.000000 51.000000 52.000000 53.000000 54.000000 55.000000 56.000000 57.000000 58.000000 59.000000 60.000000 61.000000 62.000000 63.000000 64.000000 65.000000 66.000000 67.000000 68.000000 69.000000 70.000000 71.000000 72.000000 73.000000 74.000000 75.000000 76.000000 77.000000 78.000000 79.000000 80.000000 81.000000 82.000000 83.000000 84.000000 85.000000 86.000000 87.000000 88.000000 89.000000 90.000000 91.000000 92.000000 93.000000 94.000000 95.000000 96.000000 97.000000 98.000000 99.000000 100.000000 101.000000 102.000000 103.000000 104.000000 105.000000 106.000000 107.000000 108.000000 109.000000 110.000000 111.000000 112.000000 113.000000 114.000000 115.000000 116.000000 117.000000 118.000000 119.000000 120.000000 121.000000 122.000000 123.000000 124.000000 125.000000 126.000000 127.000000 128.000000 129.000000 130.000000 131.000000 132.000000 133.000000 134.000000 135.000000 136.000000 137.000000 138.000000 139.000000 140.000000 141.000000 142.000000 143.000000 144.000000 145.000000 146.000000 147.000000 148.000000 149.000000 150.000000 151.000000 152.000000 153.000000 154.000000 155.000000 156.000000 157.000000 158.000000 159.000000 160.000000 161.000000 162.000000 163.000000 164.000000 165.000000 166.000000 167.000000 168.000000 169.000000 170.000000 171.000000 172.000000 173.000000 174.000000 175.000000 176.000000 177.000000 178.000000 179.000000 180.000000 181.000000 182.000000 183.000000 184.000000 185.000000 186.000000 187.000000 188.000000 189.000000 190.000000 191.000000 192.000000 193.000000 194.000000 195.000000 196.000000 197.000000 198.000000 199.000000 200.000000 201.000000 202.000000 203.000000 204.000000 205.000000 206.000000 207.000000 208.000000 209.000000 210.000000 211.000000 212.000000 213.000000 214.000000 215.000000 216.000000 217.000000 218.000000 219.000000 220.000000 221.000000 222.000000 223.000000 224.000000 225.000000 226.000000 227.000000 228.000000 229.000000 230.000000 231.000000 232.000000 233.000000 234.000000 235.000000 236.000000 237.000000 238.000000 239.000000 240.000000 241.000000 242.000000 243.000000 244.000000 245.000000 246.000000 247.000000 248.000000 249.000000 250.000000 251.000000 252.000000 253.000000 254.000000 255.000000 256.000000
---------------------------------------------------
----------Matrix C - Primeiros 256 termos----------
1832519991296.000000 1832522481664.000000 1832525496320.000000 1832527986688.000000 1832530870272.000000 1832533622784.000000 1832536113152.000000 1832538865664.000000 1832541356032.000000 1832544108544.000000 1832546729984.000000 1832549220352.000000 1832552103936.000000 1832554463232.000000 1832557346816.000000 1832559575040.000000 1832562196480.000000 1832565211136.000000 1832567308288.000000 1832569929728.000000 1832572551168.000000 1832574779392.000000 1832578449408.000000 1832580546560.000000 1832583168000.000000 1832586182656.000000 1832588541952.000000 1832590901248.000000 1832593522688.000000 1832596144128.000000 1832598765568.000000 1832600993792.000000 1832604270592.000000 1832607154176.000000 1832609644544.000000 1832611741696.000000 1832615018496.000000 1832617115648.000000 1832620130304.000000 1832622489600.000000 1832625373184.000000 1832628256768.000000 1832630616064.000000 1832633761792.000000 1832636121088.000000 1832638611456.000000 1832641232896.000000 1832643461120.000000 1832645689344.000000 1832648835072.000000 1832651849728.000000 1832653815808.000000 1832656699392.000000 1832659189760.000000 1832662073344.000000 1832664825856.000000 1832667316224.000000 1832669151232.000000 1832671510528.000000 1832675180544.000000 1832678064128.000000 1832680292352.000000 1832683044864.000000 1832685666304.000000 1832687894528.000000 1832690647040.000000 1832693661696.000000 1832695496704.000000 1832698642432.000000 1832701394944.000000 1832704147456.000000 1832707031040.000000 1832709259264.000000 1832712404992.000000 1832714371072.000000 1832716599296.000000 1832719351808.000000 1832722628608.000000 1832724987904.000000 1832727740416.000000 1832730230784.000000 1832733114368.000000 1832735604736.000000 1832738357248.000000 1832741109760.000000 1832743075840.000000 1832745697280.000000 1832748580864.000000 1832751333376.000000 1832754085888.000000 1832756051968.000000 1832758411264.000000 1832761425920.000000 1832763785216.000000 1832766144512.000000 1832768765952.000000 1832771911680.000000 1832775057408.000000 1832777416704.000000 1832780300288.000000 1832783052800.000000 1832785281024.000000 1832788164608.000000 1832791048192.000000 1832793407488.000000 1832795897856.000000 1832798781440.000000 1832801533952.000000 1832803893248.000000 1832806645760.000000 1832808480768.000000 1832811233280.000000 1832814116864.000000 1832817131520.000000 1832819097600.000000 1832822112256.000000 1832824340480.000000 1832826699776.000000 1832829845504.000000 1832832729088.000000 1832834564096.000000 1832837185536.000000 1832840331264.000000 1832842690560.000000 1832845049856.000000 1832847933440.000000 1832850554880.000000 1832853045248.000000 1832856059904.000000 1832859205632.000000 1832861696000.000000 1832864186368.000000 1832867201024.000000 1832869822464.000000 1832872312832.000000 1832875327488.000000 1832877555712.000000 1832880046080.000000 1832882798592.000000 1832885288960.000000 1832888041472.000000 1832890400768.000000 1832892891136.000000 1832895119360.000000 1832898002944.000000 1832900493312.000000 1832902852608.000000 1832905605120.000000 1832908226560.000000 1832910716928.000000 1832912945152.000000 1832915435520.000000 1832918188032.000000 1832920940544.000000 1832923561984.000000 1832926314496.000000 1832929329152.000000 1832932343808.000000 1832935227392.000000 1832938766336.000000 1832941912064.000000 1832943878144.000000 1832946237440.000000 1832949252096.000000 1832951480320.000000 1832953708544.000000 1832956329984.000000 1832958164992.000000 1832960786432.000000 1832963145728.000000 1832965636096.000000 1832968519680.000000 1832970878976.000000 1832973238272.000000 1832976384000.000000 1832979005440.000000 1832982151168.000000 1832984903680.000000 1832987787264.000000 1832989884416.000000 1832992374784.000000 1832994340864.000000 1832996438016.000000 1832999583744.000000 1833002205184.000000 1833004957696.000000 1833007972352.000000 1833010855936.000000 1833014263808.000000 1833018064896.000000 1833020948480.000000 1833023045632.000000 1833025273856.000000 1833027502080.000000 1833029861376.000000 1833032351744.000000 1833034842112.000000 1833037725696.000000 1833040084992.000000 1833042313216.000000 1833044148224.000000 1833046376448.000000 1833049784320.000000 1833050439680.000000 1833056075776.000000 1833057910784.000000 1833060794368.000000 1833062367232.000000 1833064202240.000000 1833066954752.000000 1833070493696.000000 1833073377280.000000 1833077833728.000000 1833080717312.000000 1833083076608.000000 1833085698048.000000 1833088188416.000000 1833090416640.000000 1833092644864.000000 1833095004160.000000 1833097625600.000000 1833100378112.000000 1833103261696.000000 1833105883136.000000 1833108242432.000000 1833110601728.000000 1833113223168.000000 1833115451392.000000 1833118072832.000000 1833121087488.000000 1833123577856.000000 1833126723584.000000 1833128951808.000000 1833131442176.000000 1833133408256.000000 1833135767552.000000 1833137602560.000000 1833140486144.000000 1833143369728.000000 1833146515456.000000 1833149530112.000000 1833153069056.000000 1833156214784.000000 1833159360512.000000 1833161981952.000000 1833164472320.000000 1833167093760.000000 1833169584128.000000 1833171812352.000000 1833174302720.000000 1833176399872.000000 1833179152384.000000 1833181380608.000000 1833183739904.000000 1833186623488.000000 1833188720640.000000
---------------------------------------------------

scalar_matrix_mult: 43.193001 ms
matrix_matrix_mult: 1181.381958 ms
Overall time: 1330.213989 ms




2048x2048:

> ./matrix_lib_test 5.0 2048 2048 2048 2048 "floats_256_2.0f.dat" "floats_256_5.0f.dat" "result1.dat" "result2.dat"

Antes:
----------Matrix A - Primeiros 256 termos----------
1.000000 2.000000 3.000000 4.000000 5.000000 6.000000 7.000000 8.000000 9.000000 10.000000 11.000000 12.000000 13.000000 14.000000 15.000000 16.000000 17.000000 18.000000 19.000000 20.000000 21.000000 22.000000 23.000000 24.000000 25.000000 26.000000 27.000000 28.000000 29.000000 30.000000 31.000000 32.000000 33.000000 34.000000 35.000000 36.000000 37.000000 38.000000 39.000000 40.000000 41.000000 42.000000 43.000000 44.000000 45.000000 46.000000 47.000000 48.000000 49.000000 50.000000 51.000000 52.000000 53.000000 54.000000 55.000000 56.000000 57.000000 58.000000 59.000000 60.000000 61.000000 62.000000 63.000000 64.000000 65.000000 66.000000 67.000000 68.000000 69.000000 70.000000 71.000000 72.000000 73.000000 74.000000 75.000000 76.000000 77.000000 78.000000 79.000000 80.000000 81.000000 82.000000 83.000000 84.000000 85.000000 86.000000 87.000000 88.000000 89.000000 90.000000 91.000000 92.000000 93.000000 94.000000 95.000000 96.000000 97.000000 98.000000 99.000000 100.000000 101.000000 102.000000 103.000000 104.000000 105.000000 106.000000 107.000000 108.000000 109.000000 110.000000 111.000000 112.000000 113.000000 114.000000 115.000000 116.000000 117.000000 118.000000 119.000000 120.000000 121.000000 122.000000 123.000000 124.000000 125.000000 126.000000 127.000000 128.000000 129.000000 130.000000 131.000000 132.000000 133.000000 134.000000 135.000000 136.000000 137.000000 138.000000 139.000000 140.000000 141.000000 142.000000 143.000000 144.000000 145.000000 146.000000 147.000000 148.000000 149.000000 150.000000 151.000000 152.000000 153.000000 154.000000 155.000000 156.000000 157.000000 158.000000 159.000000 160.000000 161.000000 162.000000 163.000000 164.000000 165.000000 166.000000 167.000000 168.000000 169.000000 170.000000 171.000000 172.000000 173.000000 174.000000 175.000000 176.000000 177.000000 178.000000 179.000000 180.000000 181.000000 182.000000 183.000000 184.000000 185.000000 186.000000 187.000000 188.000000 189.000000 190.000000 191.000000 192.000000 193.000000 194.000000 195.000000 196.000000 197.000000 198.000000 199.000000 200.000000 201.000000 202.000000 203.000000 204.000000 205.000000 206.000000 207.000000 208.000000 209.000000 210.000000 211.000000 212.000000 213.000000 214.000000 215.000000 216.000000 217.000000 218.000000 219.000000 220.000000 221.000000 222.000000 223.000000 224.000000 225.000000 226.000000 227.000000 228.000000 229.000000 230.000000 231.000000 232.000000 233.000000 234.000000 235.000000 236.000000 237.000000 238.000000 239.000000 240.000000 241.000000 242.000000 243.000000 244.000000 245.000000 246.000000 247.000000 248.000000 249.000000 250.000000 251.000000 252.000000 253.000000 254.000000 255.000000 256.000000
---------------------------------------------------
----------Matrix B - Primeiros 256 termos----------
1.000000 2.000000 3.000000 4.000000 5.000000 6.000000 7.000000 8.000000 9.000000 10.000000 11.000000 12.000000 13.000000 14.000000 15.000000 16.000000 17.000000 18.000000 19.000000 20.000000 21.000000 22.000000 23.000000 24.000000 25.000000 26.000000 27.000000 28.000000 29.000000 30.000000 31.000000 32.000000 33.000000 34.000000 35.000000 36.000000 37.000000 38.000000 39.000000 40.000000 41.000000 42.000000 43.000000 44.000000 45.000000 46.000000 47.000000 48.000000 49.000000 50.000000 51.000000 52.000000 53.000000 54.000000 55.000000 56.000000 57.000000 58.000000 59.000000 60.000000 61.000000 62.000000 63.000000 64.000000 65.000000 66.000000 67.000000 68.000000 69.000000 70.000000 71.000000 72.000000 73.000000 74.000000 75.000000 76.000000 77.000000 78.000000 79.000000 80.000000 81.000000 82.000000 83.000000 84.000000 85.000000 86.000000 87.000000 88.000000 89.000000 90.000000 91.000000 92.000000 93.000000 94.000000 95.000000 96.000000 97.000000 98.000000 99.000000 100.000000 101.000000 102.000000 103.000000 104.000000 105.000000 106.000000 107.000000 108.000000 109.000000 110.000000 111.000000 112.000000 113.000000 114.000000 115.000000 116.000000 117.000000 118.000000 119.000000 120.000000 121.000000 122.000000 123.000000 124.000000 125.000000 126.000000 127.000000 128.000000 129.000000 130.000000 131.000000 132.000000 133.000000 134.000000 135.000000 136.000000 137.000000 138.000000 139.000000 140.000000 141.000000 142.000000 143.000000 144.000000 145.000000 146.000000 147.000000 148.000000 149.000000 150.000000 151.000000 152.000000 153.000000 154.000000 155.000000 156.000000 157.000000 158.000000 159.000000 160.000000 161.000000 162.000000 163.000000 164.000000 165.000000 166.000000 167.000000 168.000000 169.000000 170.000000 171.000000 172.000000 173.000000 174.000000 175.000000 176.000000 177.000000 178.000000 179.000000 180.000000 181.000000 182.000000 183.000000 184.000000 185.000000 186.000000 187.000000 188.000000 189.000000 190.000000 191.000000 192.000000 193.000000 194.000000 195.000000 196.000000 197.000000 198.000000 199.000000 200.000000 201.000000 202.000000 203.000000 204.000000 205.000000 206.000000 207.000000 208.000000 209.000000 210.000000 211.000000 212.000000 213.000000 214.000000 215.000000 216.000000 217.000000 218.000000 219.000000 220.000000 221.000000 222.000000 223.000000 224.000000 225.000000 226.000000 227.000000 228.000000 229.000000 230.000000 231.000000 232.000000 233.000000 234.000000 235.000000 236.000000 237.000000 238.000000 239.000000 240.000000 241.000000 242.000000 243.000000 244.000000 245.000000 246.000000 247.000000 248.000000 249.000000 250.000000 251.000000 252.000000 253.000000 254.000000 255.000000 256.000000
---------------------------------------------------
----------Matrix C - Primeiros 256 termos----------
0.000000 0.000000 0.000000 0.000000 0.000000 0.000000 0.000000 0.000000 0.000000 0.000000 0.000000 0.000000 0.000000 0.000000 0.000000 0.000000 0.000000 0.000000 0.000000 0.000000 0.000000 0.000000 0.000000 0.000000 0.000000 0.000000 0.000000 0.000000 0.000000 0.000000 0.000000 0.000000 0.000000 0.000000 0.000000 0.000000 0.000000 0.000000 0.000000 0.000000 0.000000 0.000000 0.000000 0.000000 0.000000 0.000000 0.000000 0.000000 0.000000 0.000000 0.000000 0.000000 0.000000 0.000000 0.000000 0.000000 0.000000 0.000000 0.000000 0.000000 0.000000 0.000000 0.000000 0.000000 0.000000 0.000000 0.000000 0.000000 0.000000 0.000000 0.000000 0.000000 0.000000 0.000000 0.000000 0.000000 0.000000 0.000000 0.000000 0.000000 0.000000 0.000000 0.000000 0.000000 0.000000 0.000000 0.000000 0.000000 0.000000 0.000000 0.000000 0.000000 0.000000 0.000000 0.000000 0.000000 0.000000 0.000000 0.000000 0.000000 0.000000 0.000000 0.000000 0.000000 0.000000 0.000000 0.000000 0.000000 0.000000 0.000000 0.000000 0.000000 0.000000 0.000000 0.000000 0.000000 0.000000 0.000000 0.000000 0.000000 0.000000 0.000000 0.000000 0.000000 0.000000 0.000000 0.000000 0.000000 0.000000 0.000000 0.000000 0.000000 0.000000 0.000000 0.000000 0.000000 0.000000 0.000000 0.000000 0.000000 0.000000 0.000000 0.000000 0.000000 0.000000 0.000000 0.000000 0.000000 0.000000 0.000000 0.000000 0.000000 0.000000 0.000000 0.000000 0.000000 0.000000 0.000000 0.000000 0.000000 0.000000 0.000000 0.000000 0.000000 0.000000 0.000000 0.000000 0.000000 0.000000 0.000000 0.000000 0.000000 0.000000 0.000000 0.000000 0.000000 0.000000 0.000000 0.000000 0.000000 0.000000 0.000000 0.000000 0.000000 0.000000 0.000000 0.000000 0.000000 0.000000 0.000000 0.000000 0.000000 0.000000 0.000000 0.000000 0.000000 0.000000 0.000000 0.000000 0.000000 0.000000 0.000000 0.000000 0.000000 0.000000 0.000000 0.000000 0.000000 0.000000 0.000000 0.000000 0.000000 0.000000 0.000000 0.000000 0.000000 0.000000 0.000000 0.000000 0.000000 0.000000 0.000000 0.000000 0.000000 0.000000 0.000000 0.000000 0.000000 0.000000 0.000000 0.000000 0.000000 0.000000 0.000000 0.000000 0.000000 0.000000 0.000000 0.000000 0.000000 0.000000 0.000000 0.000000 0.000000 0.000000 0.000000 0.000000 0.000000 0.000000 0.000000 0.000000 0.000000 0.000000 0.000000 0.000000 0.000000
---------------------------------------------------

Depois:
----------Matrix A - Primeiros 256 termos----------
5.000000 10.000000 15.000000 20.000000 25.000000 30.000000 35.000000 40.000000 45.000000 50.000000 55.000000 60.000000 65.000000 70.000000 75.000000 80.000000 85.000000 90.000000 95.000000 100.000000 105.000000 110.000000 115.000000 120.000000 125.000000 130.000000 135.000000 140.000000 145.000000 150.000000 155.000000 160.000000 165.000000 170.000000 175.000000 180.000000 185.000000 190.000000 195.000000 200.000000 205.000000 210.000000 215.000000 220.000000 225.000000 230.000000 235.000000 240.000000 245.000000 250.000000 255.000000 260.000000 265.000000 270.000000 275.000000 280.000000 285.000000 290.000000 295.000000 300.000000 305.000000 310.000000 315.000000 320.000000 325.000000 330.000000 335.000000 340.000000 345.000000 350.000000 355.000000 360.000000 365.000000 370.000000 375.000000 380.000000 385.000000 390.000000 395.000000 400.000000 405.000000 410.000000 415.000000 420.000000 425.000000 430.000000 435.000000 440.000000 445.000000 450.000000 455.000000 460.000000 465.000000 470.000000 475.000000 480.000000 485.000000 490.000000 495.000000 500.000000 505.000000 510.000000 515.000000 520.000000 525.000000 530.000000 535.000000 540.000000 545.000000 550.000000 555.000000 560.000000 565.000000 570.000000 575.000000 580.000000 585.000000 590.000000 595.000000 600.000000 605.000000 610.000000 615.000000 620.000000 625.000000 630.000000 635.000000 640.000000 645.000000 650.000000 655.000000 660.000000 665.000000 670.000000 675.000000 680.000000 685.000000 690.000000 695.000000 700.000000 705.000000 710.000000 715.000000 720.000000 725.000000 730.000000 735.000000 740.000000 745.000000 750.000000 755.000000 760.000000 765.000000 770.000000 775.000000 780.000000 785.000000 790.000000 795.000000 800.000000 805.000000 810.000000 815.000000 820.000000 825.000000 830.000000 835.000000 840.000000 845.000000 850.000000 855.000000 860.000000 865.000000 870.000000 875.000000 880.000000 885.000000 890.000000 895.000000 900.000000 905.000000 910.000000 915.000000 920.000000 925.000000 930.000000 935.000000 940.000000 945.000000 950.000000 955.000000 960.000000 965.000000 970.000000 975.000000 980.000000 985.000000 990.000000 995.000000 1000.000000 1005.000000 1010.000000 1015.000000 1020.000000 1025.000000 1030.000000 1035.000000 1040.000000 1045.000000 1050.000000 1055.000000 1060.000000 1065.000000 1070.000000 1075.000000 1080.000000 1085.000000 1090.000000 1095.000000 1100.000000 1105.000000 1110.000000 1115.000000 1120.000000 1125.000000 1130.000000 1135.000000 1140.000000 1145.000000 1150.000000 1155.000000 1160.000000 1165.000000 1170.000000 1175.000000 1180.000000 1185.000000 1190.000000 1195.000000 1200.000000 1205.000000 1210.000000 1215.000000 1220.000000 1225.000000 1230.000000 1235.000000 1240.000000 1245.000000 1250.000000 1255.000000 1260.000000 1265.000000 1270.000000 1275.000000 1280.000000
---------------------------------------------------
----------Matrix B - Primeiros 256 termos----------
1.000000 2.000000 3.000000 4.000000 5.000000 6.000000 7.000000 8.000000 9.000000 10.000000 11.000000 12.000000 13.000000 14.000000 15.000000 16.000000 17.000000 18.000000 19.000000 20.000000 21.000000 22.000000 23.000000 24.000000 25.000000 26.000000 27.000000 28.000000 29.000000 30.000000 31.000000 32.000000 33.000000 34.000000 35.000000 36.000000 37.000000 38.000000 39.000000 40.000000 41.000000 42.000000 43.000000 44.000000 45.000000 46.000000 47.000000 48.000000 49.000000 50.000000 51.000000 52.000000 53.000000 54.000000 55.000000 56.000000 57.000000 58.000000 59.000000 60.000000 61.000000 62.000000 63.000000 64.000000 65.000000 66.000000 67.000000 68.000000 69.000000 70.000000 71.000000 72.000000 73.000000 74.000000 75.000000 76.000000 77.000000 78.000000 79.000000 80.000000 81.000000 82.000000 83.000000 84.000000 85.000000 86.000000 87.000000 88.000000 89.000000 90.000000 91.000000 92.000000 93.000000 94.000000 95.000000 96.000000 97.000000 98.000000 99.000000 100.000000 101.000000 102.000000 103.000000 104.000000 105.000000 106.000000 107.000000 108.000000 109.000000 110.000000 111.000000 112.000000 113.000000 114.000000 115.000000 116.000000 117.000000 118.000000 119.000000 120.000000 121.000000 122.000000 123.000000 124.000000 125.000000 126.000000 127.000000 128.000000 129.000000 130.000000 131.000000 132.000000 133.000000 134.000000 135.000000 136.000000 137.000000 138.000000 139.000000 140.000000 141.000000 142.000000 143.000000 144.000000 145.000000 146.000000 147.000000 148.000000 149.000000 150.000000 151.000000 152.000000 153.000000 154.000000 155.000000 156.000000 157.000000 158.000000 159.000000 160.000000 161.000000 162.000000 163.000000 164.000000 165.000000 166.000000 167.000000 168.000000 169.000000 170.000000 171.000000 172.000000 173.000000 174.000000 175.000000 176.000000 177.000000 178.000000 179.000000 180.000000 181.000000 182.000000 183.000000 184.000000 185.000000 186.000000 187.000000 188.000000 189.000000 190.000000 191.000000 192.000000 193.000000 194.000000 195.000000 196.000000 197.000000 198.000000 199.000000 200.000000 201.000000 202.000000 203.000000 204.000000 205.000000 206.000000 207.000000 208.000000 209.000000 210.000000 211.000000 212.000000 213.000000 214.000000 215.000000 216.000000 217.000000 218.000000 219.000000 220.000000 221.000000 222.000000 223.000000 224.000000 225.000000 226.000000 227.000000 228.000000 229.000000 230.000000 231.000000 232.000000 233.000000 234.000000 235.000000 236.000000 237.000000 238.000000 239.000000 240.000000 241.000000 242.000000 243.000000 244.000000 245.000000 246.000000 247.000000 248.000000 249.000000 250.000000 251.000000 252.000000 253.000000 254.000000 255.000000 256.000000
---------------------------------------------------
----------Matrix C - Primeiros 256 termos----------
29320300986368.000000 29320309374976.000000 29320319860736.000000 29320332443648.000000 29320345026560.000000 29320355512320.000000 29320365998080.000000 29320374386688.000000 29320380678144.000000 29320391163904.000000 29320401649664.000000 29320407941120.000000 29320420524032.000000 29320426815488.000000 29320439398400.000000 29320449884160.000000 29320462467072.000000 29320470855680.000000 29320485535744.000000 29320498118656.000000 29320504410112.000000 29320519090176.000000 29320529575936.000000 29320535867392.000000 29320552644608.000000 29320565227520.000000 29320573616128.000000 29320584101888.000000 29320600879104.000000 29320611364864.000000 29320621850624.000000 29320632336384.000000 29320640724992.000000 29320651210752.000000 29320659599360.000000 29320672182272.000000 29320678473728.000000 29320695250944.000000 29320705736704.000000 29320718319616.000000 29320728805376.000000 29320737193984.000000 29320749776896.000000 29320760262656.000000 29320772845568.000000 29320781234176.000000 29320793817088.000000 29320804302848.000000 29320814788608.000000 29320827371520.000000 29320842051584.000000 29320850440192.000000 29320858828800.000000 29320871411712.000000 29320881897472.000000 29320898674688.000000 29320911257600.000000 29320923840512.000000 29320932229120.000000 29320942714880.000000 29320959492096.000000 29320967880704.000000 29320976269312.000000 29320982560768.000000 29320993046528.000000 29321009823744.000000 29321018212352.000000 29321030795264.000000 29321049669632.000000 29321058058240.000000 29321066446848.000000 29321070641152.000000 29321083224064.000000 29321091612672.000000 29321102098432.000000 29321118875648.000000 29321127264256.000000 29321135652864.000000 29321141944320.000000 29321154527232.000000 29321162915840.000000 29321175498752.000000 29321190178816.000000 29321200664576.000000 29321206956032.000000 29321217441792.000000 29321225830400.000000 29321238413312.000000 29321250996224.000000 29321257287680.000000 29321269870592.000000 29321282453504.000000 29321292939264.000000 29321301327872.000000 29321311813632.000000 29321322299392.000000 29321330688000.000000 29321349562368.000000 29321355853824.000000 29321366339584.000000 29321376825344.000000 29321385213952.000000 29321393602560.000000 29321404088320.000000 29321416671232.000000 29321427156992.000000 29321435545600.000000 29321443934208.000000 29321454419968.000000 29321469100032.000000 29321475391488.000000 29321487974400.000000 29321496363008.000000 29321511043072.000000 29321523625984.000000 29321538306048.000000 29321546694656.000000 29321557180416.000000 29321565569024.000000 29321573957632.000000 29321586540544.000000 29321594929152.000000 29321605414912.000000 29321611706368.000000 29321620094976.000000 29321632677888.000000 29321638969344.000000 29321647357952.000000 29321655746560.000000 29321666232320.000000 29321678815232.000000 29321691398144.000000 29321703981056.000000 29321714466816.000000 29321724952576.000000 29321731244032.000000 29321752215552.000000 29321758507008.000000 29321764798464.000000 29321773187072.000000 29321779478528.000000 29321787867136.000000 29321802547200.000000 29321817227264.000000 29321825615872.000000 29321831907328.000000 29321842393088.000000 29321850781696.000000 29321857073152.000000 29321867558912.000000 29321875947520.000000 29321880141824.000000 29321892724736.000000 29321901113344.000000 29321913696256.000000 29321926279168.000000 29321934667776.000000 29321943056384.000000 29321949347840.000000 29321959833600.000000 29321972416512.000000 29321982902272.000000 29321989193728.000000 29321997582336.000000 29322005970944.000000 29322012262400.000000 29322024845312.000000 29322035331072.000000 29322052108288.000000 29322064691200.000000 29322073079808.000000 29322083565568.000000 29322098245632.000000 29322108731392.000000 29322119217152.000000 29322131800064.000000 29322142285824.000000 29322159063040.000000 29322169548800.000000 29322175840256.000000 29322188423168.000000 29322194714624.000000 29322201006080.000000 29322215686144.000000 29322228269056.000000 29322238754816.000000 29322249240576.000000 29322259726336.000000 29322272309248.000000 29322284892160.000000 29322295377920.000000 29322303766528.000000 29322322640896.000000 29322331029504.000000 29322341515264.000000 29322356195328.000000 29322366681088.000000 29322377166848.000000 29322393944064.000000 29322404429824.000000 29322410721280.000000 29322419109888.000000 29322427498496.000000 29322437984256.000000 29322450567168.000000 29322458955776.000000 29322469441536.000000 29322486218752.000000 29322498801664.000000 29322513481728.000000 29322523967488.000000 29322540744704.000000 29322555424768.000000 29322563813376.000000 29322568007680.000000 29322582687744.000000 29322588979200.000000 29322597367808.000000 29322612047872.000000 29322624630784.000000 29322639310848.000000 29322645602304.000000 29322658185216.000000 29322670768128.000000 29322677059584.000000 29322685448192.000000 29322695933952.000000 29322708516864.000000 29322716905472.000000 29322727391232.000000 29322737876992.000000 29322746265600.000000 29322752557056.000000 29322765139968.000000 29322771431424.000000 29322777722880.000000 29322788208640.000000 29322796597248.000000 29322809180160.000000 29322817568768.000000 29322821763072.000000 29322834345984.000000 29322846928896.000000 29322857414656.000000 29322863706112.000000 29322874191872.000000 29322878386176.000000 29322890969088.000000 29322905649152.000000 29322916134912.000000 29322930814976.000000 29322945495040.000000 29322955980800.000000 29322964369408.000000 29322976952320.000000 29322985340928.000000
---------------------------------------------------

scalar_matrix_mult: 150.802002 ms
matrix_matrix_mult: 10023.209961 ms
Overall time: 10522.871094 ms
















Architecture:                         x86_64
CPU op-mode(s):                       32-bit, 64-bit
Byte Order:                           Little Endian
Address sizes:                        39 bits physical, 48 bits virtual
CPU(s):                               8
On-line CPU(s) list:                  0-7
Thread(s) per core:                   2
Core(s) per socket:                   4
Socket(s):                            1
Vendor ID:                            GenuineIntel
CPU family:                           6
Model:                                140
Model name:                           11th Gen Intel(R) Core(TM) i5-1135G7 @ 2.40GHz
Stepping:                             1
CPU MHz:                              2419.201
BogoMIPS:                             4838.40
Virtualization:                       VT-x
Hypervisor vendor:                    Microsoft
Virtualization type:                  full
L1d cache:                            192 KiB
L1i cache:                            128 KiB
L2 cache:                             5 MiB
L3 cache:                             8 MiB
